66	54	95	58	7	43	76	58	26	33	66	67	21	46	63	29	45	67	82	80	59	83	40	20	98	59	76	52	15	84	83	57	47	1	93	29	61	70	54	16	60	4	14	49	79	39	53	80	67	24	1	75	20	32	74	61	50	98	26	38	37	57	83	54	18	6	39	76	57	20	22	14	24	75	73	63	85	90	32	29	56	76	66	55	49	69	89	82	35	36	81	54	33	76	34	16	86	38	86	47
28	31	83	33	99	98	11	35	16	57	51	29	60	36	88	63	6	94	76	100	51	52	1	4	29	91	97	72	15	20	40	54	44	53	68	92	99	30	3	100	90	25	69	60	82	87	23	46	92	51	73	76	96	19	78	64	91	67	88	95	21	72	41	51	41	45	90	51	85	43	66	9	6	47	34	98	47	53	38	44	51	27	62	80	11	42	93	82	9	12	25	66	40	70	8	62	9	7	91	58
87	100	70	37	96	4	2	11	9	18	96	92	27	25	69	36	93	23	6	61	37	20	82	57	48	15	73	18	99	90	47	78	42	13	38	21	24	10	36	45	92	29	48	74	91	25	33	45	5	58	2	15	98	16	36	60	10	89	60	16	31	34	59	61	38	83	51	81	18	33	48	60	2	89	27	68	8	49	84	87	30	67	29	14	78	66	3	28	73	11	35	4	34	82	82	14	19	78	5	93
20	1	15	93	30	67	43	63	12	82	77	88	38	89	78	14	35	87	77	63	38	18	67	79	26	18	52	47	60	11	33	6	81	93	54	40	44	83	8	21	34	34	62	86	20	31	93	88	15	41	44	18	91	77	63	40	51	57	45	84	25	56	12	48	11	65	64	48	97	38	75	93	84	23	58	10	49	45	53	14	5	39	82	1	90	70	89	17	22	24	94	84	48	66	18	77	4	19	26	70
65	12	86	82	3	35	38	49	97	48	54	100	96	40	21	80	7	5	41	79	50	25	100	39	86	70	17	43	23	53	9	43	42	59	91	3	39	41	47	79	69	35	75	29	43	13	23	85	66	50	35	35	83	41	8	38	99	36	19	14	46	96	60	1	59	18	33	40	26	94	34	24	57	67	99	41	27	11	82	47	13	8	80	9	40	59	82	36	2	56	35	52	49	82	34	50	51	90	34	25
79	50	39	13	81	16	3	86	72	25	48	92	86	1	85	15	83	40	53	70	31	8	27	47	94	80	73	62	70	85	20	87	86	46	7	8	38	74	27	72	15	6	74	91	90	23	71	95	93	75	90	79	8	50	12	1	2	8	37	88	66	40	15	19	14	29	65	37	97	42	72	30	23	27	43	53	36	27	8	100	88	38	59	1	67	61	8	77	22	57	65	7	38	100	35	32	8	37	35	31
100	11	97	14	90	21	24	43	89	97	20	18	4	56	89	2	91	5	95	65	59	23	2	14	13	64	42	12	47	93	95	4	64	39	73	47	52	53	45	49	31	75	30	75	88	88	78	18	100	52	70	5	65	32	69	67	72	88	62	78	67	8	47	7	33	61	31	73	26	17	47	13	61	11	41	13	9	3	12	44	96	42	20	58	68	20	57	71	64	11	10	30	75	19	17	35	11	75	43	46
17	50	92	76	83	17	95	87	54	79	17	65	64	59	63	56	34	23	63	98	42	18	81	19	5	36	89	91	82	47	38	35	69	5	80	41	3	35	33	23	87	71	73	62	98	4	61	28	44	47	61	96	70	10	65	83	40	100	66	84	99	50	73	78	66	93	13	28	95	99	50	75	41	78	90	63	41	46	34	11	94	22	35	44	36	39	88	58	81	92	5	58	63	80	85	83	89	66	97	10
10	30	13	21	39	92	17	65	94	100	79	33	58	20	46	1	54	45	55	4	45	44	42	66	71	56	67	23	64	10	24	92	48	82	79	74	86	6	78	14	68	22	13	60	99	100	76	81	36	16	47	51	10	15	19	49	40	56	44	17	86	38	91	30	57	28	86	94	67	3	68	27	7	39	68	12	27	22	74	80	55	3	15	95	52	2	52	85	41	26	42	71	99	9	3	68	83	10	96	95
92	35	35	84	9	100	32	49	100	55	12	87	78	59	16	18	69	83	98	78	88	63	38	55	40	17	64	64	72	78	90	18	91	29	18	68	1	36	77	6	16	28	26	18	46	33	30	33	18	24	83	72	54	57	11	68	21	36	72	22	32	16	25	56	55	73	87	43	87	97	40	10	51	31	98	7	70	92	86	27	100	50	12	89	39	76	96	26	14	31	55	94	77	96	21	81	17	60	75	8
42	47	55	28	94	73	100	20	97	28	74	33	82	39	12	45	18	58	48	7	4	39	88	23	89	90	99	10	97	89	35	46	53	43	62	54	10	71	52	59	29	93	25	45	73	90	82	75	72	62	39	56	50	2	55	10	40	80	16	60	96	35	31	31	24	18	33	69	13	2	26	26	73	85	97	74	50	51	13	42	1	44	78	13	12	73	12	7	58	2	5	31	8	84	4	66	57	10	26	57
86	81	53	16	81	69	70	59	63	29	27	77	31	10	71	79	81	1	93	66	39	3	3	48	25	40	17	4	23	100	33	11	36	50	75	77	90	52	23	27	45	93	84	88	90	75	16	69	41	15	93	88	7	95	2	40	15	14	22	69	94	23	17	15	10	59	67	11	92	91	30	87	97	8	59	92	56	45	54	49	75	97	91	10	95	23	29	54	11	50	46	94	49	55	32	21	43	79	15	100
93	18	3	10	83	85	17	34	92	17	62	47	92	17	48	27	2	38	88	16	30	95	83	78	6	21	24	61	76	73	67	7	32	5	31	89	53	93	91	65	83	81	97	33	25	62	42	20	88	64	77	80	62	59	22	44	80	38	80	54	53	28	36	4	98	77	28	7	45	58	90	55	56	93	65	86	41	5	96	16	85	100	87	93	75	48	22	55	71	59	21	41	25	77	88	42	93	70	38	87
90	56	72	90	98	70	16	31	49	26	85	62	52	81	84	34	48	8	53	75	15	9	94	11	47	11	45	95	21	100	44	44	76	2	19	91	65	41	63	71	20	2	47	35	84	81	56	26	49	75	46	71	29	19	89	67	14	42	89	63	31	81	26	55	70	67	15	39	55	67	22	7	43	99	99	26	73	41	33	26	34	46	91	28	35	63	37	61	30	4	5	68	88	7	23	91	60	38	48	26
31	91	83	20	97	68	89	92	56	94	81	17	49	37	56	72	50	71	19	46	41	55	47	56	94	59	21	11	77	57	29	97	67	24	26	56	16	34	72	81	93	44	95	74	26	25	64	5	20	90	70	56	47	86	35	35	100	49	33	7	68	64	95	16	12	51	87	47	18	10	78	70	31	47	87	94	25	63	45	14	26	58	59	30	60	76	90	47	30	89	76	61	54	77	96	40	23	45	34	48
89	80	48	74	12	80	18	89	40	19	87	74	50	13	47	60	19	95	64	35	14	40	17	53	86	68	59	47	94	100	85	85	95	14	46	3	70	70	35	94	62	39	48	24	94	38	97	91	69	72	24	12	22	86	95	100	98	88	92	96	59	93	34	59	64	9	30	38	34	76	78	25	28	32	70	45	40	10	64	94	38	79	73	96	86	95	33	10	45	49	76	79	80	51	38	11	62	71	54	21
37	8	75	78	96	27	63	67	49	12	34	82	87	7	24	81	50	50	70	61	7	63	58	12	77	19	25	83	78	89	93	58	24	5	67	98	87	93	63	7	19	12	72	100	42	27	58	34	72	52	82	24	86	42	87	8	52	17	97	87	97	44	62	96	91	72	13	99	92	30	76	57	21	20	61	72	59	8	33	71	78	98	80	98	27	86	73	41	21	84	43	96	75	14	60	87	45	8	35	58
81	23	76	53	2	17	23	28	100	48	30	69	17	51	24	2	53	47	52	66	15	23	62	94	39	46	44	94	18	86	42	94	95	90	3	88	39	45	44	31	80	27	45	89	37	47	60	61	60	68	71	5	100	9	35	68	22	52	7	17	54	64	95	69	89	97	27	79	16	56	72	16	23	58	25	39	99	60	12	6	5	100	31	51	45	27	78	31	13	80	17	3	11	68	74	99	98	49	3	44
79	21	5	4	36	60	97	88	98	82	30	98	40	24	79	7	11	68	42	4	99	83	72	16	2	24	80	77	92	72	38	88	89	6	63	12	75	9	18	89	34	32	56	3	57	87	42	24	78	38	82	96	46	25	5	90	74	62	69	18	92	42	2	62	64	40	30	8	32	28	42	2	81	67	97	5	44	7	48	89	39	87	98	21	35	86	26	72	36	49	69	28	50	2	88	37	60	3	98	61
98	24	6	78	19	81	52	80	89	26	27	11	55	26	77	38	61	68	43	31	3	33	81	33	60	58	51	99	19	42	99	90	91	48	75	99	68	65	10	28	6	37	74	86	33	85	76	82	47	5	10	93	2	37	31	59	88	100	44	29	4	1	67	64	13	61	56	86	34	61	59	59	52	17	22	67	95	74	64	94	73	89	42	88	26	38	72	92	33	76	71	92	70	29	29	98	70	87	82	68
15	21	10	29	25	98	74	1	47	12	50	94	88	92	90	99	74	14	38	28	47	17	56	92	26	82	31	11	21	57	4	22	29	25	91	60	63	71	65	17	48	48	84	13	57	94	97	62	24	68	7	32	27	78	50	48	37	51	74	9	25	29	77	41	13	17	33	49	74	76	79	74	50	15	46	20	1	3	23	96	49	63	49	64	30	63	45	27	57	54	25	19	79	27	72	4	63	41	97	24
83	67	64	84	6	12	92	55	41	73	39	49	84	59	76	20	21	28	89	25	35	43	29	94	39	97	60	47	87	32	51	88	28	78	97	35	54	3	67	13	18	51	69	56	17	84	61	45	68	97	49	67	49	30	48	4	53	79	48	8	67	28	80	13	9	70	88	99	47	50	17	73	14	19	84	49	96	62	31	8	61	21	51	66	65	82	20	60	78	3	83	63	29	36	2	52	71	35	48	28
21	24	44	43	96	58	68	65	59	55	99	23	53	53	85	29	73	81	10	70	45	20	44	21	83	10	93	66	87	80	73	55	78	7	97	15	92	81	25	42	66	21	29	18	66	53	39	71	70	31	18	38	27	56	27	2	35	40	21	8	4	80	59	84	44	66	57	12	74	18	57	97	53	7	10	52	46	44	60	11	54	74	24	47	69	94	14	17	80	21	51	15	40	74	15	80	58	10	69	19
53	7	53	51	2	38	85	78	45	41	54	21	15	77	24	28	61	92	42	10	11	59	24	39	71	26	38	2	16	51	3	53	8	14	73	93	9	10	12	53	21	2	60	22	90	55	90	55	78	63	12	53	23	89	55	100	42	69	51	29	10	58	43	92	13	86	35	69	77	96	35	21	95	8	72	22	61	86	27	81	40	25	29	98	40	51	91	93	47	20	18	54	89	44	54	8	31	17	34	76
54	94	8	72	23	3	10	51	28	54	84	80	81	73	74	91	86	80	83	32	6	93	17	21	93	25	5	45	34	29	73	24	70	27	78	20	53	84	4	76	17	28	60	27	100	39	34	49	10	65	17	91	55	21	66	18	14	19	63	29	93	95	20	80	1	48	23	57	25	6	61	75	23	74	24	9	56	66	97	88	43	26	89	8	59	42	66	57	73	70	75	48	23	49	52	27	18	15	77	15
16	92	81	72	5	89	29	13	61	39	96	71	26	79	12	78	53	55	20	51	20	76	99	8	90	69	51	94	49	14	76	56	1	30	67	71	61	19	11	72	96	49	36	41	10	10	88	43	57	64	71	86	83	12	40	99	63	98	43	71	100	49	51	41	83	52	27	2	92	55	100	26	54	26	33	58	30	8	99	40	68	54	39	5	11	41	78	59	26	30	48	77	68	10	53	44	91	57	63	11
96	93	63	6	49	24	70	47	6	30	60	9	57	91	23	83	28	2	93	27	81	97	78	59	65	88	9	7	84	10	37	8	1	68	62	13	1	68	83	2	86	55	2	2	33	93	37	26	1	23	34	56	39	53	82	64	61	89	96	5	22	20	10	17	66	42	60	43	19	59	99	96	32	71	79	11	81	65	44	86	64	27	67	73	41	67	7	21	10	50	97	9	71	33	29	75	45	93	80	35
1	38	69	56	65	99	2	96	67	77	84	89	19	89	100	82	58	8	6	48	14	16	13	92	8	6	55	13	67	38	31	24	41	88	9	94	90	98	27	21	86	46	44	17	45	72	100	86	49	28	78	35	85	31	46	74	50	1	31	32	40	91	98	44	54	16	66	95	33	27	96	4	37	2	82	70	78	87	81	19	22	32	71	78	42	31	57	46	11	80	37	9	2	74	14	46	8	95	62	12
86	88	7	76	45	51	54	18	48	50	38	11	9	72	36	21	52	98	38	70	4	75	68	15	11	3	70	16	10	61	30	29	80	86	41	100	50	41	4	96	69	78	64	98	78	24	46	92	41	74	48	43	77	97	43	89	47	52	57	24	86	98	40	50	66	34	46	25	31	83	51	35	93	7	26	50	85	83	54	3	88	69	37	17	29	55	71	68	78	1	88	48	98	41	29	29	30	45	42	4
51	27	14	89	7	28	89	61	98	86	68	54	45	53	90	13	13	30	22	59	85	68	63	33	36	53	1	82	4	26	84	76	94	15	48	95	35	64	93	26	64	29	63	93	39	61	16	7	12	74	88	14	20	27	93	83	99	64	2	63	66	53	87	83	33	88	11	75	23	26	86	55	60	47	42	95	24	44	98	25	93	11	55	73	58	99	7	25	74	25	59	91	88	74	76	95	76	90	66	4
16	88	7	53	23	70	58	79	85	14	27	25	31	39	4	74	93	70	61	90	71	68	18	73	19	85	72	23	11	77	73	91	84	92	99	62	6	100	20	14	71	52	79	60	67	52	99	13	45	7	2	92	36	42	68	100	77	70	48	1	46	69	17	68	62	86	55	62	93	74	12	33	21	11	1	76	1	28	87	81	14	85	3	34	79	22	27	30	43	24	52	98	52	12	77	9	49	57	3	85
91	11	42	72	84	78	78	47	1	75	75	15	92	76	87	1	92	90	69	66	25	1	82	87	48	61	17	53	60	78	79	62	46	37	15	25	50	58	84	46	64	19	97	45	2	69	59	10	7	37	48	98	94	64	77	53	9	39	30	52	27	95	83	72	6	75	93	13	7	42	88	19	1	11	93	54	22	85	97	86	73	86	29	94	97	9	69	88	30	12	39	10	92	7	27	26	43	47	55	12
42	67	74	85	79	59	35	47	5	36	93	93	42	38	64	12	57	73	95	91	41	55	38	32	11	74	55	94	17	79	72	58	98	14	83	19	75	39	10	12	13	72	50	17	5	52	14	43	27	91	73	38	58	2	42	43	5	42	29	20	89	94	57	96	7	3	68	57	35	79	57	22	74	16	95	60	82	39	91	94	28	19	20	22	82	21	33	11	48	84	95	85	49	64	67	7	16	28	6	44
86	33	42	4	2	63	92	34	68	93	58	41	81	16	29	17	3	57	6	52	10	16	12	29	87	37	84	61	22	20	59	72	93	50	39	40	94	67	16	16	80	48	73	43	15	33	39	98	21	82	78	47	28	20	32	28	85	8	24	6	11	22	19	41	27	60	6	42	72	91	34	39	82	58	76	74	96	15	29	65	94	27	54	61	85	46	13	37	77	37	88	30	83	57	71	3	21	94	83	69
97	33	29	87	17	5	100	96	23	24	47	31	69	43	88	72	48	50	55	64	26	95	11	85	66	40	7	8	90	73	90	21	26	3	61	16	77	47	38	60	44	29	41	93	34	32	59	3	97	98	8	21	53	2	81	40	6	83	83	5	58	97	96	2	17	99	38	66	5	22	41	8	7	81	23	23	35	20	61	34	83	90	36	99	65	21	33	83	37	41	89	18	5	81	33	96	87	1	72	85
39	14	11	41	88	78	61	97	23	41	76	3	48	99	18	95	37	27	43	51	43	100	5	82	91	88	88	7	6	92	49	42	66	46	93	9	48	19	51	4	52	65	43	12	80	36	94	46	62	72	3	93	52	33	64	85	93	37	6	61	46	29	13	48	31	68	7	68	71	59	57	44	98	95	90	58	72	31	50	48	9	25	66	20	57	30	3	65	51	43	52	69	98	44	33	48	48	8	44	7
71	100	77	92	55	87	1	52	97	82	23	82	79	81	59	6	72	76	82	83	59	73	5	17	70	57	13	15	61	67	83	98	27	96	22	73	45	66	70	75	24	58	96	46	79	9	7	10	82	45	98	22	100	78	92	10	68	83	16	28	52	82	96	4	65	96	83	58	94	69	84	4	60	79	32	25	53	87	7	33	51	81	47	15	51	21	88	28	39	49	74	95	26	78	71	28	7	68	66	43
37	2	82	23	59	18	71	10	38	100	39	77	1	61	76	5	35	83	69	63	34	34	75	87	89	24	60	7	54	42	99	46	17	95	98	60	14	64	51	15	85	83	26	25	84	51	3	38	46	7	17	45	94	30	42	93	19	98	3	97	64	26	84	76	4	9	55	64	63	8	28	75	36	22	88	68	68	8	34	37	13	58	1	94	15	40	34	11	92	9	10	12	66	21	43	24	74	6	96	81
9	73	35	39	92	17	70	86	62	12	96	9	11	1	40	75	40	82	78	17	25	23	37	9	5	80	97	37	60	11	18	47	16	83	12	40	28	33	16	63	22	32	53	28	55	53	6	31	85	1	68	7	24	33	19	31	48	10	94	30	68	73	24	29	49	32	5	19	83	84	71	52	28	63	9	49	77	48	52	37	58	23	45	81	20	18	88	37	19	97	75	86	99	23	90	10	3	87	57	26
46	7	13	68	25	22	54	38	25	24	75	55	2	60	81	2	87	12	99	27	57	87	1	71	72	31	24	32	57	3	54	17	24	26	21	13	2	64	88	21	91	43	21	38	97	78	89	78	55	85	73	92	53	14	29	27	62	97	21	82	20	59	15	5	17	78	44	43	80	95	41	3	7	42	27	99	13	23	98	100	9	52	70	14	78	5	29	92	88	92	92	58	13	98	73	74	4	33	5	59
78	50	92	14	99	28	36	26	51	85	91	90	6	74	82	5	7	67	80	35	8	78	49	16	79	16	1	97	50	39	6	98	38	43	60	30	53	32	44	68	81	8	56	76	35	31	81	38	19	36	32	21	65	89	72	48	47	93	37	73	51	89	39	50	90	87	47	67	83	83	49	18	93	28	11	12	17	68	92	43	49	30	5	57	24	87	36	9	53	61	21	94	68	11	62	9	52	59	85	82
34	95	69	49	4	76	13	14	48	95	6	78	90	97	9	25	66	29	6	67	78	15	48	14	85	25	92	25	78	10	12	16	42	65	3	64	21	27	98	34	13	38	35	72	13	35	28	27	24	7	74	31	90	28	69	28	24	61	92	10	100	44	86	28	20	33	75	2	88	28	7	64	32	10	51	2	85	58	15	66	81	24	86	72	14	45	97	81	51	33	94	34	23	49	69	3	38	22	1	67
42	29	27	17	45	61	16	83	45	95	94	83	15	74	73	33	34	50	82	97	19	93	57	76	69	17	78	42	11	94	44	76	34	57	2	36	77	17	62	80	23	50	55	23	86	36	28	78	84	15	67	7	68	53	42	42	80	81	56	27	50	88	49	13	49	39	50	39	65	67	40	92	28	81	28	3	1	64	13	36	34	11	34	11	97	70	67	52	56	39	97	44	3	36	76	42	49	10	65	18
25	72	72	100	7	12	63	82	7	2	50	37	10	80	85	30	52	37	93	52	76	44	33	23	17	63	23	23	24	68	76	96	47	45	88	27	54	57	12	86	83	3	34	64	24	72	74	45	6	23	58	87	98	44	18	69	10	41	42	53	28	22	96	24	37	48	46	16	78	4	16	4	75	72	37	66	48	19	50	37	22	69	30	54	74	43	99	42	100	60	53	29	22	68	27	52	80	50	84	98
20	75	90	11	21	44	5	66	45	83	18	67	55	70	20	71	54	34	89	71	12	48	35	67	58	26	91	22	62	37	51	31	56	4	39	59	34	72	70	9	93	14	11	32	42	31	9	19	74	92	49	18	47	37	71	25	76	91	58	100	14	28	10	31	2	42	10	2	30	42	57	67	76	31	54	73	74	90	80	92	38	40	22	88	100	68	100	80	95	38	95	17	91	70	94	25	31	13	18	19
56	63	67	43	54	94	29	26	24	64	70	1	26	29	11	17	61	84	96	52	27	65	55	14	35	99	95	62	46	22	60	14	60	44	73	6	94	52	93	81	4	2	89	68	89	56	6	57	9	16	72	59	5	57	48	87	59	9	75	93	85	97	46	100	48	37	40	68	95	2	66	87	36	90	42	84	52	29	57	69	28	28	45	14	66	68	95	50	41	61	45	71	10	65	13	29	71	21	10	100
15	13	59	22	56	72	43	44	47	69	41	39	84	20	78	88	25	15	81	85	8	88	83	54	16	52	88	6	100	55	40	70	66	17	100	93	93	29	43	60	71	44	91	90	38	37	83	99	9	82	56	84	46	80	3	98	54	41	81	92	57	15	86	34	32	25	45	80	79	80	38	68	45	6	29	20	2	2	17	97	33	75	70	34	98	28	4	10	68	74	89	95	61	31	82	15	80	77	71	62
80	56	38	86	27	8	55	2	76	40	67	100	36	68	87	52	37	34	87	85	74	41	14	57	88	7	19	34	33	82	21	46	1	10	82	94	31	5	62	67	49	7	22	91	88	78	65	27	50	56	52	57	87	78	71	24	18	11	65	7	19	98	98	65	95	24	99	36	30	52	22	30	13	40	75	20	31	49	86	57	100	44	72	26	10	60	28	36	78	57	3	2	5	52	68	35	24	63	62	31
11	85	100	33	62	73	11	52	32	74	88	8	57	49	9	42	62	17	90	59	77	96	58	82	57	65	49	35	48	58	93	16	90	11	52	27	45	74	28	88	12	71	39	37	20	69	61	63	36	77	2	24	66	4	82	17	94	71	99	42	27	36	82	81	12	73	84	88	41	36	71	48	16	10	45	78	29	14	97	93	76	79	20	52	3	65	57	96	9	27	49	45	60	14	37	43	57	99	71	67
12	42	6	10	100	84	32	44	22	37	67	82	74	70	47	55	84	27	58	53	53	30	10	32	36	43	93	50	23	56	32	53	63	66	43	85	54	35	82	13	61	29	68	33	16	44	91	24	65	86	60	87	94	43	79	7	81	29	45	17	67	88	27	10	5	36	45	58	15	71	57	76	48	68	93	15	24	56	99	91	15	25	61	50	54	89	10	53	79	6	61	71	29	44	100	49	83	12	63	23
4	86	82	50	16	26	69	62	48	68	63	75	31	98	36	18	30	7	54	71	56	34	29	49	7	62	36	77	20	37	43	7	83	18	19	27	88	61	60	5	78	20	13	43	83	76	52	87	49	94	3	17	7	52	89	22	87	74	21	66	86	93	41	16	78	94	37	50	14	38	11	70	30	3	59	1	82	90	7	17	10	69	57	93	22	35	94	74	13	28	95	19	87	26	80	12	72	14	12	28
74	39	7	88	67	14	6	40	84	8	80	65	28	82	14	9	77	67	48	39	61	26	22	79	1	93	4	82	61	28	20	34	83	88	100	25	76	87	59	47	38	59	91	24	23	53	65	91	61	44	25	54	88	50	9	36	17	45	10	4	93	89	54	23	65	23	69	30	42	41	92	45	48	37	31	51	75	75	68	65	70	27	23	22	47	51	19	25	57	83	2	100	90	57	43	33	60	1	25	70
82	36	16	40	19	100	16	97	12	88	39	79	69	53	22	6	7	65	63	17	18	82	58	5	97	20	63	50	65	45	65	23	96	12	59	48	91	6	28	9	42	88	11	69	64	9	26	48	91	25	45	20	89	35	99	6	38	25	2	92	36	25	81	30	2	10	36	85	76	38	89	20	18	49	85	24	30	35	72	93	100	66	93	18	86	34	44	59	21	72	45	33	29	11	12	50	50	74	42	84
14	18	40	93	4	15	34	81	94	45	12	20	72	31	36	18	55	47	86	96	12	68	33	81	3	87	40	6	44	67	47	71	79	51	15	73	45	52	70	34	58	27	82	60	70	39	14	98	49	21	88	74	95	22	20	51	89	68	43	65	17	95	37	44	31	51	75	58	72	87	60	64	75	99	26	72	66	92	76	50	60	68	62	57	70	35	50	42	27	63	44	99	50	15	90	37	16	98	47	33
55	32	29	4	93	97	43	6	95	29	94	55	54	96	70	25	89	77	12	100	36	51	14	98	24	74	38	25	29	97	79	20	69	19	91	61	80	87	57	8	94	91	59	24	17	4	12	47	71	28	12	10	31	5	5	71	90	19	86	85	81	79	75	85	9	27	14	14	46	97	40	78	20	66	75	47	68	10	83	46	66	12	54	6	33	19	36	85	68	41	76	76	89	83	8	45	50	21	58	21
5	36	47	18	84	36	87	41	43	97	34	96	97	96	57	53	74	91	32	46	32	45	79	27	94	86	18	57	60	93	98	18	5	73	81	2	97	90	11	19	48	71	99	69	94	60	76	89	58	56	53	38	8	89	19	81	90	67	28	16	62	78	48	7	62	93	38	48	90	44	19	86	66	99	76	91	100	94	6	37	67	9	55	88	40	22	13	12	76	82	11	43	34	47	35	80	50	7	8	14
3	86	35	18	74	10	47	51	37	2	55	9	94	51	66	87	52	49	14	5	55	42	63	29	62	20	31	18	1	82	19	66	16	9	12	84	21	54	44	43	69	84	79	95	52	40	64	12	30	45	3	29	81	72	23	55	84	88	15	82	80	94	93	93	88	57	58	49	75	26	78	91	2	56	59	67	12	93	27	29	100	61	82	23	20	3	23	38	82	38	22	54	2	30	55	73	69	64	22	7
38	74	97	60	71	27	83	79	51	29	28	72	41	78	29	41	62	66	8	63	15	12	12	99	21	2	80	100	24	70	11	63	2	63	37	81	79	9	7	61	67	53	55	17	8	22	66	72	51	66	85	2	19	37	31	76	37	94	73	77	26	13	52	77	84	27	88	90	97	31	12	67	82	84	42	42	83	23	74	16	8	69	32	62	67	24	14	28	12	11	28	86	41	22	2	24	100	53	81	74
48	14	94	9	30	50	48	36	38	27	51	98	15	8	61	62	54	37	56	99	79	85	1	76	10	78	67	8	100	73	36	92	7	74	19	64	59	48	58	34	60	90	13	29	73	1	52	9	84	12	11	38	33	39	49	24	78	66	89	49	71	20	45	55	13	44	72	92	61	38	75	10	75	83	36	26	18	91	48	36	77	24	54	80	46	69	91	25	31	89	47	10	48	68	44	73	15	24	34	20
12	97	85	89	47	49	42	48	23	5	66	96	31	8	97	76	86	85	87	57	87	8	79	38	35	25	17	76	32	32	32	63	64	41	37	75	83	25	37	29	93	22	73	70	2	68	1	1	67	53	100	21	43	72	17	63	38	68	77	2	15	70	24	55	85	29	6	85	25	8	74	8	29	74	6	47	20	26	19	10	54	63	3	43	32	24	93	22	39	11	36	85	54	39	99	6	17	8	46	56
34	50	74	86	87	65	58	4	39	84	83	87	39	35	55	6	66	45	41	89	19	76	21	40	29	59	25	72	72	9	22	33	47	44	86	66	36	40	20	73	23	89	53	26	84	14	59	60	70	1	13	21	60	43	20	1	34	21	79	3	26	74	46	18	21	30	83	1	66	97	59	47	64	57	81	25	82	7	56	25	30	65	67	44	46	77	12	59	11	37	79	51	2	30	11	73	92	41	47	86
75	62	12	68	41	89	64	26	23	44	50	29	21	45	92	100	8	20	7	24	42	29	92	48	80	10	18	78	83	35	37	8	39	51	66	52	20	19	10	53	88	91	57	85	74	75	55	68	33	60	98	91	26	19	14	66	16	29	8	78	32	50	53	99	86	67	60	84	74	8	69	92	31	50	45	11	84	96	70	46	21	74	28	61	46	22	5	50	49	25	49	20	33	59	38	17	66	76	61	99
72	8	1	64	58	82	93	74	94	49	21	97	21	38	11	86	76	68	45	96	53	17	15	16	71	75	100	29	61	21	17	2	94	7	89	41	66	36	81	96	63	28	48	18	5	15	77	84	59	30	60	62	14	25	35	84	70	61	87	17	68	25	19	97	54	64	87	58	85	15	19	90	25	65	50	37	22	94	31	62	11	80	84	34	93	16	55	53	46	44	15	31	7	21	44	6	33	31	99	22
19	17	11	96	86	64	41	99	8	74	20	30	34	35	24	28	39	6	65	2	100	65	18	16	47	34	92	58	97	98	82	20	15	5	73	85	70	89	11	46	9	23	40	10	38	18	73	24	59	100	88	19	59	30	32	56	36	33	63	29	42	23	97	46	26	81	87	76	38	54	96	36	90	34	36	87	42	27	70	66	44	51	18	30	1	86	29	29	34	6	80	52	35	20	96	100	61	100	32	29
99	67	49	71	9	28	61	72	80	28	16	83	36	96	83	91	17	76	80	11	81	28	93	46	25	53	80	23	38	71	60	74	5	86	3	23	80	78	62	19	100	83	38	63	9	37	31	45	55	17	28	6	33	67	84	81	19	93	18	9	14	46	35	93	19	74	26	74	46	14	91	54	38	5	24	69	3	93	33	59	19	19	98	4	31	16	90	75	19	12	66	82	65	53	39	53	90	64	96	78
62	83	80	6	89	62	49	52	54	31	77	49	37	22	88	46	43	55	75	40	59	40	70	76	66	73	3	51	91	23	56	9	1	10	10	88	66	20	68	73	87	89	79	70	61	49	64	25	84	97	26	12	13	31	95	81	90	34	43	7	33	55	94	21	100	16	22	91	51	25	57	47	77	40	82	26	26	63	32	61	34	80	59	59	76	79	25	53	97	48	37	100	7	32	50	23	100	67	23	83
46	44	8	48	73	71	67	92	80	32	19	41	31	17	40	87	48	18	9	40	57	5	66	11	66	11	54	34	15	85	25	25	100	24	60	4	73	43	16	16	25	22	12	30	32	76	91	52	39	26	42	51	91	70	11	12	33	22	74	15	31	83	97	35	13	29	6	1	71	12	48	57	48	38	62	33	62	38	33	5	49	53	34	9	98	75	39	36	67	45	16	23	53	100	81	20	68	79	9	2
43	48	3	83	62	36	99	6	22	34	95	49	80	59	18	71	68	54	100	2	3	78	33	44	22	7	80	78	63	80	97	22	92	61	78	94	57	26	52	70	99	90	68	75	83	95	56	64	71	68	38	15	30	59	63	88	3	13	64	73	74	42	53	64	24	28	9	99	32	25	99	32	81	11	73	23	30	2	83	36	21	29	79	44	45	92	36	71	79	31	97	69	87	68	1	22	12	8	32	46
63	1	14	47	83	68	92	1	87	14	9	30	43	60	43	89	18	46	28	56	55	85	20	38	81	98	83	85	66	46	95	83	13	4	17	43	5	45	59	66	70	32	9	21	2	12	99	20	49	36	45	32	26	9	21	32	5	35	50	56	90	61	60	3	69	97	2	17	4	78	44	1	53	44	21	39	52	77	70	94	95	27	26	23	22	25	57	31	3	46	85	75	44	47	14	73	77	94	86	47
36	29	67	37	67	33	32	23	71	28	75	40	41	72	36	20	70	32	40	79	35	58	23	80	45	82	34	96	21	35	74	29	88	75	20	30	82	26	58	55	59	79	32	54	25	72	100	27	37	66	21	37	28	76	79	92	66	82	89	27	83	56	72	56	19	93	94	1	99	12	92	39	65	18	84	26	7	22	5	92	27	27	96	8	61	20	17	79	18	70	88	9	89	100	21	88	39	18	12	46
7	24	94	99	46	88	12	28	32	91	4	10	15	100	49	9	23	44	10	34	71	79	69	20	15	64	15	22	83	89	19	17	47	64	54	18	89	94	30	32	65	39	3	91	60	96	1	16	4	89	19	89	46	75	6	32	79	72	82	58	84	84	24	11	3	1	13	24	7	42	37	42	61	6	65	65	63	67	63	71	74	89	19	26	3	77	51	81	37	28	89	4	47	39	7	70	21	47	45	24
76	87	96	61	51	91	55	94	65	97	58	56	32	49	87	35	43	37	88	66	14	73	34	65	25	70	90	89	10	80	24	48	58	99	87	11	24	47	26	94	47	24	41	77	20	87	44	40	16	57	8	55	47	71	65	24	80	85	24	100	18	51	64	32	47	2	21	84	12	66	44	43	64	96	99	62	1	10	90	36	16	67	5	95	40	5	84	14	64	59	57	35	65	3	40	7	13	95	17	15
2	79	69	77	59	29	67	36	85	3	35	42	34	4	4	62	34	44	51	41	35	93	56	32	6	99	61	66	47	69	71	69	84	55	73	39	98	60	56	12	62	73	18	42	47	76	54	70	96	68	88	42	66	43	78	91	29	46	74	82	20	88	99	47	17	37	53	69	40	83	32	87	86	76	62	40	38	5	73	27	1	32	89	23	37	39	43	29	80	63	93	96	93	52	27	12	64	19	59	72
30	5	95	10	16	9	42	13	59	77	97	53	96	75	53	78	13	16	79	48	85	79	44	10	73	13	11	16	69	35	2	1	46	50	73	91	10	56	74	55	68	16	59	83	1	58	94	33	73	73	73	20	88	80	6	39	9	96	35	18	74	35	77	43	44	85	75	23	25	26	36	3	49	10	21	12	12	83	8	22	71	80	92	67	27	39	89	24	70	79	47	90	86	87	16	45	19	24	10	96
76	28	89	5	8	97	61	67	28	16	96	31	47	78	88	40	12	31	55	54	1	82	70	2	90	42	39	11	94	78	65	30	3	22	50	61	6	17	14	67	58	28	1	84	61	81	18	38	47	22	11	73	4	57	14	81	78	5	13	12	34	15	47	5	92	89	86	61	26	7	32	45	19	10	87	37	11	46	15	75	81	40	21	67	31	76	2	78	37	49	16	98	80	76	36	27	38	4	11	25
41	33	89	74	25	96	83	90	13	83	53	59	34	4	94	40	8	39	15	87	57	32	67	9	63	49	41	40	67	91	32	11	72	16	15	51	20	55	65	92	67	17	21	38	85	1	76	16	73	32	36	70	90	48	83	57	88	11	72	87	96	46	79	38	31	61	45	83	18	73	77	12	32	2	2	52	78	96	24	34	95	26	21	23	26	40	3	86	5	41	94	92	7	37	73	21	89	65	93	28
96	10	54	5	11	52	68	67	91	43	51	35	36	10	85	14	64	76	78	12	20	38	80	76	47	65	18	74	99	27	20	63	3	57	94	80	27	29	48	94	97	60	65	3	16	94	29	10	83	73	64	66	6	75	29	23	41	7	56	97	14	78	60	76	32	22	45	18	44	78	85	85	14	91	53	80	95	9	2	20	17	96	31	55	86	95	2	24	21	36	36	39	42	43	5	2	75	80	91	89
42	69	54	75	74	83	28	50	17	66	1	44	17	24	94	73	79	67	6	81	53	86	59	9	68	68	30	87	36	45	40	6	34	34	90	22	22	51	10	81	30	87	36	59	82	95	48	4	68	92	52	42	76	38	3	4	5	94	31	18	86	19	54	49	85	74	22	17	84	12	46	99	69	32	66	73	30	44	89	54	68	37	53	36	26	39	95	92	30	22	66	33	9	82	65	66	98	98	14	7
1	78	84	1	51	93	22	92	45	86	96	14	83	61	74	48	82	55	98	53	75	40	46	21	99	86	51	100	59	72	85	34	93	9	52	56	44	93	7	32	2	93	57	78	74	34	91	23	35	41	67	74	28	39	45	88	1	10	79	28	76	22	72	7	16	47	22	95	76	16	93	13	16	47	22	15	3	14	37	15	42	49	22	54	58	23	74	76	35	36	5	70	17	55	100	86	4	85	75	33
48	26	62	7	50	45	74	22	47	43	97	49	39	29	87	12	17	33	59	43	2	89	12	95	8	40	84	91	35	6	94	14	98	87	32	54	61	16	55	64	24	48	71	99	93	19	98	25	39	1	8	43	100	86	57	19	5	84	52	4	53	21	61	82	38	29	13	86	47	80	30	81	41	48	87	15	72	83	91	58	69	12	69	1	40	73	68	5	96	65	28	85	55	91	83	57	75	85	1	82
61	53	76	59	76	37	39	82	15	28	10	21	35	79	41	65	9	90	13	10	5	33	72	95	78	76	60	86	51	74	87	46	41	24	79	28	91	73	2	12	24	41	15	69	1	59	67	37	51	83	83	3	60	69	89	3	55	50	26	97	8	23	92	15	72	28	15	86	14	47	99	55	56	74	46	46	91	20	92	38	96	88	46	3	16	63	40	9	33	44	37	62	60	60	29	44	76	37	71	28
25	31	98	37	17	1	42	18	3	80	56	92	59	66	47	65	80	30	46	34	89	59	61	61	55	33	27	56	14	39	60	8	34	1	24	57	26	89	6	29	87	14	60	6	49	29	38	93	78	26	42	17	42	49	28	65	20	97	12	18	51	76	76	53	67	83	81	79	61	64	9	87	34	81	73	97	7	66	95	80	66	65	72	65	41	67	69	10	100	5	3	18	16	40	44	75	79	84	26	87
69	64	77	43	9	77	26	33	76	95	38	42	75	52	21	57	4	42	71	42	40	42	47	73	32	30	56	12	69	88	49	46	19	87	70	24	47	25	17	40	72	14	1	12	25	37	80	21	52	98	46	8	32	97	51	44	28	45	7	79	41	9	47	53	83	31	36	93	52	87	4	4	57	28	86	35	41	72	51	57	21	80	92	97	15	5	62	20	23	41	20	66	53	91	97	98	34	47	87	92
16	75	45	49	36	61	27	97	93	18	85	66	87	44	47	22	3	89	88	71	63	43	96	30	85	55	14	29	39	51	56	97	24	6	52	11	48	32	25	10	70	98	51	87	45	4	58	97	50	23	85	91	13	4	29	21	15	3	31	31	54	27	32	81	50	40	24	99	99	92	37	39	18	12	8	91	83	62	94	86	11	41	59	77	93	44	53	12	69	76	97	3	62	32	26	49	82	20	57	53
76	41	18	25	90	1	14	42	51	7	55	82	58	96	48	74	62	42	51	81	30	16	50	26	2	9	74	51	55	86	83	51	82	85	67	63	54	52	43	73	70	88	96	94	33	13	76	99	91	27	96	89	95	73	15	58	41	14	62	96	55	47	33	28	6	67	67	74	72	63	1	24	33	15	87	64	82	25	66	93	16	24	24	11	51	91	37	82	13	4	79	88	23	63	15	46	50	64	16	33
26	52	10	21	85	77	28	61	80	61	4	44	83	10	70	85	61	26	97	28	52	100	70	80	5	93	49	82	40	95	39	91	43	5	96	55	73	15	25	4	57	99	7	24	83	1	77	2	9	15	39	10	82	64	5	56	34	79	95	70	39	47	94	100	69	30	93	35	82	90	52	7	90	92	61	55	74	52	73	80	5	38	67	95	70	43	61	16	36	55	62	11	34	86	2	59	49	42	48	33
86	64	76	64	49	44	46	81	24	89	89	100	12	26	16	6	23	44	8	26	46	79	58	64	52	58	84	7	98	63	65	92	55	85	93	39	70	60	75	81	22	42	14	76	54	64	75	1	76	1	84	90	64	67	58	1	16	9	35	13	33	27	86	62	49	89	24	17	61	34	19	46	67	54	3	23	91	43	12	14	23	2	88	42	19	44	1	16	88	64	61	36	73	5	51	14	68	44	16	8
2	12	76	69	95	12	45	84	85	20	4	37	7	41	59	85	58	16	31	14	99	72	57	62	35	78	81	76	65	100	35	96	65	37	80	12	35	26	44	38	36	95	96	65	56	84	91	8	12	88	43	42	53	33	65	86	53	99	95	76	62	18	66	58	29	7	45	99	96	66	1	90	99	62	71	45	22	100	69	16	98	73	96	43	81	33	71	98	98	44	45	18	95	56	8	99	56	1	24	3
4	94	74	51	3	44	53	29	67	12	6	1	14	16	20	13	21	61	48	7	33	34	14	23	9	2	17	65	67	61	58	40	95	40	61	48	52	19	66	39	51	95	15	83	50	38	42	49	77	94	27	93	80	67	56	27	6	33	37	89	46	46	69	99	59	28	96	27	83	20	8	91	27	46	86	15	61	92	57	55	43	83	89	40	95	58	7	44	22	3	77	65	54	9	5	22	84	18	16	73
91	86	61	30	35	78	65	59	33	35	100	48	52	100	33	95	27	62	57	70	15	34	1	93	48	23	80	15	69	63	91	17	64	89	72	22	35	2	32	58	52	11	78	70	85	64	67	65	46	49	16	28	10	71	69	100	59	91	20	11	87	63	42	3	33	43	35	100	25	20	71	22	47	81	4	76	23	90	59	45	8	87	35	59	8	8	49	83	56	86	73	61	67	81	100	87	52	14	47	35
1	30	100	75	98	78	36	97	29	63	54	9	22	65	49	22	59	34	40	26	16	2	80	14	14	54	16	61	77	89	26	11	92	48	67	22	86	15	80	98	62	92	56	43	34	65	39	83	35	58	12	97	23	42	25	68	95	52	30	45	76	21	27	46	87	31	5	6	14	99	80	90	34	21	27	10	96	10	49	53	69	15	87	74	60	80	77	48	71	77	92	44	20	71	22	22	55	22	41	67
75	68	39	84	6	25	85	52	83	11	71	66	60	59	44	46	97	32	48	5	89	8	90	60	50	71	88	21	92	7	81	76	82	89	20	78	91	40	16	48	80	69	94	41	65	82	75	12	96	55	99	20	10	11	73	98	58	55	20	16	80	81	19	32	50	16	74	35	29	100	79	97	13	46	97	92	4	73	80	36	7	34	56	77	59	77	34	61	34	69	57	86	74	98	96	39	77	59	19	78
22	35	73	34	2	90	100	19	30	15	16	17	60	63	2	79	15	69	64	58	66	59	19	38	100	26	67	70	57	78	40	70	64	20	8	57	86	36	52	98	19	31	12	18	17	36	65	26	19	65	68	12	8	38	53	59	69	23	51	1	52	60	11	98	84	88	54	5	21	90	85	94	78	66	15	64	85	78	96	28	13	67	14	73	80	50	27	43	5	64	79	70	60	76	100	27	5	21	45	69
99	24	23	66	1	73	70	78	91	33	66	80	49	18	78	70	91	6	43	6	5	20	64	49	22	79	60	71	98	12	83	42	75	70	3	4	79	49	40	96	95	45	13	10	94	38	48	41	52	16	78	33	43	44	80	64	25	80	74	29	11	65	15	10	73	33	29	47	79	84	80	15	85	12	22	57	97	24	49	90	38	38	89	27	73	70	100	84	49	81	98	61	91	58	87	51	5	31	59	32
33	92	33	5	11	24	10	38	81	32	31	7	10	81	59	2	88	93	60	96	57	70	17	45	21	7	97	29	36	69	23	56	31	63	5	21	15	68	39	56	1	1	56	97	87	75	67	14	86	5	60	29	16	37	55	71	69	39	15	48	76	33	88	80	55	86	79	46	18	90	2	59	19	8	11	27	34	4	35	45	57	33	33	85	80	58	13	43	48	10	30	84	39	89	6	79	13	18	65	78
5	27	30	97	7	59	57	53	31	98	6	29	48	48	96	13	21	22	90	77	16	80	25	4	17	99	56	74	15	79	60	2	64	69	63	70	51	29	45	72	23	75	69	99	4	11	47	43	94	25	19	92	75	67	19	57	95	58	9	22	59	36	24	6	34	28	83	38	72	67	52	47	56	15	50	7	66	18	79	6	68	28	66	52	50	100	66	56	38	32	32	52	89	45	93	83	58	41	46	13
15	98	25	34	79	56	96	12	26	97	50	13	80	4	25	50	69	83	52	87	19	74	100	53	32	87	72	83	17	2	86	27	59	45	86	61	72	81	62	88	92	25	39	33	4	75	82	58	3	19	38	1	15	59	60	83	69	36	58	87	100	9	30	10	37	34	34	63	20	12	62	39	80	94	34	16	40	23	90	21	76	100	33	27	21	1	31	27	26	73	9	1	60	46	30	95	71	8	26	61
75	49	59	58	10	98	11	42	2	61	59	27	44	75	88	63	33	12	90	38	85	71	14	100	69	2	60	67	99	100	69	7	91	43	81	6	100	80	37	64	54	83	7	34	50	59	82	48	4	78	62	13	88	73	32	38	47	29	44	20	88	14	90	4	37	66	76	13	78	60	42	25	89	3	40	80	25	36	25	66	82	46	90	41	46	8	33	12	77	56	43	91	49	91	35	94	44	63	43	25
26	85	92	92	3	74	12	39	42	11	44	80	68	96	68	71	52	97	31	6	99	47	79	70	68	20	34	58	65	30	83	65	69	87	99	19	33	5	89	85	91	71	70	88	23	66	83	3	100	48	27	12	83	56	77	23	75	26	98	19	37	6	52	80	5	36	99	35	98	20	60	27	37	10	35	39	98	68	42	13	27	45	84	11	84	18	65	41	70	45	57	66	28	82	73	61	98	35	12	70
15	94	77	21	61	63	60	74	70	23	71	21	24	13	74	46	16	76	57	23	63	2	17	57	97	93	15	7	47	50	65	62	96	33	97	30	41	75	56	75	55	76	90	76	77	53	36	90	55	93	50	23	85	68	55	51	95	96	57	58	55	34	65	61	12	74	35	51	44	41	39	25	29	96	30	6	2	82	92	69	95	56	78	71	40	10	33	34	89	53	6	70	98	39	30	21	28	77	94	78
