21	100	38	13	81	65	8	25	28	92	14	86	43	52	80	97	16	27	28	11	66	25	20	46	20	85	66	75	99	26	57	1	15	40	2	69	44	84	48	33	12	43	87	40	84	75	30	46	14	27	13	23	29	23	20	39	48	16	79	33	40	92	52	36	90	14	17	83	45	90	75	71	5	67	44	54	52	37	33	75	71	6	36	68	99	68	31	43	77	67	84	58	75	10	64	12	94	48	66	35
47	22	13	53	19	23	68	28	51	52	99	53	79	87	69	97	5	57	49	47	63	1	20	99	35	98	61	46	44	36	86	92	33	8	94	6	37	9	68	52	53	91	90	3	60	83	10	99	33	59	93	97	86	12	27	17	47	73	8	78	53	35	56	70	18	84	25	22	51	24	64	5	24	83	93	24	92	80	13	60	17	3	87	72	89	75	55	92	7	29	70	84	99	47	33	48	43	47	42	27
39	65	41	12	34	83	73	25	31	38	39	24	92	74	52	51	73	86	62	54	86	99	55	3	41	57	54	92	50	42	82	40	14	70	59	6	85	66	34	70	99	37	26	33	73	60	14	73	4	18	67	48	79	3	2	47	17	85	78	63	49	7	46	17	60	56	86	10	40	55	3	61	54	85	54	56	74	73	66	27	39	19	68	37	96	77	25	35	65	17	13	54	47	14	99	35	66	55	16	29
65	21	29	18	84	82	71	31	51	17	70	66	56	36	96	25	95	64	7	19	11	71	38	41	8	52	59	15	31	30	61	98	63	4	24	2	71	77	27	61	77	41	47	13	59	62	54	54	99	46	47	16	15	46	61	65	25	70	90	46	93	25	45	11	30	21	76	42	13	23	69	56	19	40	36	67	3	12	77	86	58	19	46	1	71	13	30	25	27	54	47	31	13	46	66	67	23	17	63	43
62	8	34	44	52	93	10	88	89	87	43	42	31	100	66	72	97	57	30	49	50	23	61	69	62	67	49	11	5	41	55	24	59	61	7	100	54	91	5	91	12	4	10	39	90	13	84	88	19	43	38	21	31	60	17	77	89	51	40	32	93	49	63	58	23	92	68	47	42	64	54	74	47	20	47	52	77	37	23	86	98	15	14	90	14	40	86	46	22	63	47	90	91	95	21	14	80	14	90	5
61	21	43	25	88	55	83	96	47	32	93	7	60	37	62	52	57	26	94	45	10	7	47	24	3	48	41	83	45	27	24	33	29	26	83	4	63	75	81	55	16	95	96	98	8	42	22	100	100	46	54	85	65	18	48	39	94	26	3	23	15	49	59	51	59	57	11	99	69	48	37	37	85	2	1	33	79	71	6	88	37	6	95	56	75	50	28	79	25	17	85	70	45	75	35	30	36	36	79	86
9	100	22	47	79	81	55	99	65	99	51	6	91	71	54	89	42	62	60	71	1	37	86	80	11	83	25	46	24	63	41	86	66	31	43	45	8	20	20	4	56	14	39	24	22	43	56	16	57	35	72	14	34	89	92	58	58	86	44	11	65	36	68	93	8	32	21	54	70	61	1	13	39	6	14	95	21	91	58	3	39	15	47	68	13	22	12	4	26	36	33	15	66	49	25	12	66	67	26	10
73	47	44	1	69	10	17	93	15	89	25	37	26	80	76	26	14	43	32	68	90	10	12	44	56	9	16	36	51	10	47	38	28	70	83	65	74	27	37	50	48	53	73	57	95	28	97	76	82	83	29	89	28	93	46	81	18	77	2	11	10	36	54	40	63	86	91	81	19	34	48	93	53	9	36	54	73	38	14	44	24	48	41	6	68	17	41	73	97	93	65	19	41	22	64	66	45	29	77	5
22	22	93	21	18	91	37	48	98	28	99	45	5	13	52	16	3	8	94	40	40	63	49	20	16	28	30	93	62	16	62	43	62	19	43	91	57	31	76	19	4	26	93	39	74	13	64	80	23	85	79	86	68	73	85	7	75	66	61	75	65	56	26	84	79	45	68	87	65	37	58	55	49	66	60	76	25	25	96	42	55	61	23	21	54	24	63	86	7	23	38	10	76	98	58	62	2	77	92	50
41	64	18	60	99	35	26	62	9	29	16	76	22	77	91	45	96	19	65	27	80	21	94	96	75	19	56	7	39	86	91	89	16	28	45	75	12	4	2	71	95	92	42	70	50	92	28	44	77	42	25	36	44	94	97	10	97	61	15	29	67	54	64	40	84	88	38	91	42	83	97	77	57	10	33	93	36	70	12	52	53	55	96	62	97	76	80	42	29	58	63	59	8	1	87	25	57	42	69	12
54	24	88	13	94	39	4	87	10	54	97	85	9	11	77	7	87	94	59	4	57	49	52	90	55	39	8	87	89	95	21	88	37	72	52	60	81	45	85	24	74	21	61	9	4	86	82	19	29	44	86	55	20	75	60	66	27	87	53	65	23	55	93	35	21	16	77	31	94	19	51	17	73	98	99	57	57	22	95	4	15	40	38	47	82	100	16	36	32	4	72	21	6	97	100	42	53	59	34	77
47	97	39	66	83	99	97	22	6	33	60	79	36	5	53	51	79	90	4	63	94	13	76	47	29	19	3	78	32	78	34	21	33	29	79	27	21	26	50	95	94	46	28	23	74	3	80	26	79	98	43	51	63	52	48	70	13	96	46	91	18	54	34	88	67	22	37	97	96	63	72	81	93	2	89	88	41	74	25	24	87	90	82	35	27	87	7	85	88	59	39	28	79	44	38	96	13	38	77	97
24	44	88	83	31	15	48	87	63	16	65	46	54	74	75	96	76	90	52	43	50	50	46	52	96	63	62	83	98	18	42	52	12	13	25	92	33	58	40	54	86	81	45	94	19	21	78	82	37	90	21	97	26	92	4	25	33	28	3	56	43	9	59	85	34	55	75	95	45	66	98	86	20	89	79	32	13	75	89	36	40	88	27	25	60	7	61	96	39	10	31	89	91	81	71	26	98	65	53	86
70	32	75	23	42	37	28	98	78	37	74	96	31	64	48	73	83	26	88	26	90	45	31	84	46	36	44	29	28	41	37	16	37	37	38	66	59	48	20	52	5	44	83	59	69	10	46	48	59	89	94	95	9	21	31	59	43	79	14	25	31	99	83	45	27	100	17	39	28	19	6	90	71	53	83	82	48	54	26	74	93	60	65	86	68	45	49	83	19	61	32	98	56	19	21	74	16	55	62	24
27	13	78	83	31	26	66	55	91	11	24	28	95	63	18	10	87	58	80	80	23	55	69	34	87	39	24	8	70	9	73	91	92	48	13	56	59	46	86	97	11	74	76	100	79	59	31	99	4	95	9	38	94	10	9	86	91	63	94	91	82	25	39	73	81	66	83	36	43	95	41	13	49	63	100	83	6	9	20	20	85	88	21	91	65	5	29	22	48	41	26	59	35	48	87	45	98	92	64	13
50	27	38	30	71	25	79	22	4	16	60	47	84	60	2	72	76	17	5	72	3	1	84	54	18	44	97	14	70	75	2	88	71	43	49	91	63	76	42	30	16	84	39	85	2	38	30	36	12	58	41	88	19	49	70	7	78	2	23	47	19	15	83	91	87	7	18	57	25	40	98	98	88	39	99	80	85	34	99	91	98	85	25	58	75	98	56	58	86	74	54	41	58	69	57	67	76	86	33	28
31	99	69	47	95	10	25	35	20	23	85	67	56	68	13	85	17	61	89	32	43	46	29	95	31	86	7	11	87	81	3	92	15	27	56	87	20	47	96	21	8	51	41	66	78	78	86	48	91	17	86	89	71	4	2	80	39	90	49	19	50	56	83	56	76	82	12	45	32	34	10	85	19	28	81	11	65	100	9	50	93	51	24	79	92	76	39	67	71	2	52	65	62	80	96	15	45	37	62	98
86	18	31	95	93	66	25	35	27	18	42	25	87	14	28	68	17	31	34	72	53	45	38	2	2	69	45	19	48	6	72	48	6	8	3	22	80	84	6	63	27	85	38	65	3	90	43	76	83	38	32	33	9	41	39	1	56	3	15	32	81	84	76	57	52	65	86	93	79	44	80	95	91	20	89	25	2	91	9	58	81	58	9	2	7	77	100	76	73	68	41	16	15	81	5	53	78	14	89	85
25	18	91	72	46	61	4	56	33	33	79	7	55	70	73	44	41	65	84	48	75	70	99	30	97	79	32	77	22	4	26	79	87	16	59	31	59	66	100	85	100	96	24	32	23	72	45	11	25	59	66	26	15	36	26	49	84	80	6	27	24	56	21	30	26	76	32	50	42	69	82	93	98	60	12	34	14	50	14	4	78	58	25	7	16	98	15	61	92	85	65	38	43	16	99	3	70	34	49	20
67	93	19	34	65	43	61	3	36	39	75	20	51	34	48	4	49	58	3	78	18	13	55	40	63	40	3	92	5	72	22	20	24	83	35	48	79	71	47	85	67	72	74	68	92	37	94	5	74	83	58	76	53	30	81	24	25	88	51	69	59	51	77	71	17	42	35	40	99	90	3	62	85	21	27	50	74	3	73	39	24	98	22	18	69	41	22	3	76	34	21	45	14	30	79	53	79	52	60	17
94	38	58	33	62	34	19	81	74	62	9	76	69	97	42	24	39	12	65	29	30	5	35	80	55	69	53	28	68	38	21	27	64	22	50	41	91	8	64	43	20	12	55	46	23	14	89	88	63	53	35	53	58	75	48	63	19	84	22	11	9	87	60	77	50	96	20	91	86	92	84	14	27	98	50	91	96	3	87	18	23	36	21	65	2	60	13	100	4	83	62	13	43	69	26	96	47	58	32	90
78	30	32	72	49	72	98	95	43	14	87	1	11	55	28	6	29	51	82	26	65	20	40	6	3	79	74	65	66	91	58	36	53	37	49	30	25	3	42	15	2	57	91	65	18	70	24	79	39	2	64	24	16	32	17	6	45	59	45	65	86	50	98	14	84	90	43	27	9	84	15	95	39	44	22	97	14	63	6	51	73	70	41	18	53	44	47	1	61	15	57	91	92	31	27	58	10	13	42	38
15	99	51	75	42	57	45	7	44	20	49	72	12	70	70	38	13	30	72	60	9	24	57	83	63	42	20	49	49	86	15	73	11	43	35	61	99	1	8	98	50	61	9	35	76	51	12	29	39	57	68	51	47	37	98	57	2	42	6	88	64	95	31	69	60	47	45	3	70	93	3	36	75	37	71	22	18	38	84	15	8	84	33	40	61	39	14	14	15	63	56	79	18	61	16	88	82	96	35	14
50	22	51	33	3	17	33	90	57	51	76	94	37	45	65	97	7	4	67	69	67	50	82	59	87	31	95	71	49	73	9	54	90	71	11	82	1	47	58	22	64	39	29	38	55	18	22	81	69	90	72	14	89	6	1	13	24	27	33	76	93	89	58	80	12	55	50	19	26	4	13	42	4	10	93	24	27	46	78	1	85	23	14	56	25	62	4	53	100	24	31	21	65	64	4	45	86	96	75	10
91	2	31	92	7	90	43	65	91	22	40	25	16	59	100	60	2	71	7	13	8	78	46	24	50	57	32	49	11	17	53	64	35	97	69	76	21	57	43	50	95	53	46	37	82	9	31	72	83	34	27	43	53	45	77	23	65	39	87	93	54	7	18	80	24	87	53	21	28	49	13	100	54	86	76	89	56	85	92	12	80	74	14	27	61	42	39	3	77	37	13	16	11	22	75	88	49	79	48	71
52	43	66	48	98	74	40	35	44	43	66	26	71	59	29	44	89	48	11	79	46	57	33	62	45	100	83	40	15	64	17	78	90	97	39	23	52	22	80	11	98	48	86	32	74	82	75	29	40	82	51	4	66	100	30	35	58	56	3	42	75	48	73	66	32	88	7	93	28	59	58	14	38	100	58	17	83	37	77	2	6	89	48	57	35	63	45	21	83	12	96	76	9	35	13	98	46	36	62	8
9	25	43	27	43	14	6	34	43	50	30	77	82	80	84	95	96	72	92	93	40	81	90	71	3	67	34	63	65	98	37	84	69	49	86	83	22	60	86	17	31	21	65	21	88	52	73	35	61	88	27	36	89	28	18	72	60	8	73	76	57	92	4	35	26	74	58	21	19	44	100	18	60	69	44	89	17	100	97	81	67	40	63	89	39	28	68	35	25	32	92	100	98	49	41	29	26	53	22	56
88	4	1	78	79	86	1	60	29	23	79	2	36	28	18	81	86	78	39	97	27	22	15	53	59	57	52	45	99	38	33	68	49	57	54	35	46	18	44	50	41	75	44	89	56	38	85	60	89	57	44	85	63	94	60	51	58	80	86	27	49	44	35	36	7	98	90	85	5	7	53	69	54	19	78	88	57	92	41	95	46	14	46	6	80	55	98	61	26	92	48	49	35	62	52	70	18	31	33	64
3	77	30	81	39	87	91	54	49	98	15	100	77	88	70	40	87	26	91	18	18	3	39	4	56	23	72	81	4	36	41	86	71	57	89	86	6	9	68	14	15	16	62	54	73	59	73	62	69	85	51	64	30	48	64	78	45	91	35	51	93	68	35	91	98	22	95	29	37	2	73	79	47	91	86	11	86	73	54	41	2	45	9	55	74	10	4	32	32	93	54	39	34	92	41	45	72	15	96	31
8	30	7	65	9	80	38	89	8	53	12	54	59	90	64	31	42	81	92	61	12	20	26	41	8	15	57	54	65	27	46	17	50	64	36	59	2	33	50	20	88	45	74	62	9	7	12	71	68	75	34	69	86	50	55	94	78	81	65	86	5	8	41	39	82	8	66	91	100	3	12	50	16	69	36	72	61	73	92	20	15	27	68	30	97	53	59	58	20	62	100	76	26	2	24	38	17	81	38	58
26	8	6	93	11	48	60	83	22	99	20	75	39	47	83	58	20	74	94	96	75	52	35	34	84	28	3	38	17	70	22	67	5	91	57	55	77	11	44	82	7	57	29	74	47	24	73	15	27	77	44	68	39	84	57	94	31	55	68	48	68	96	83	89	78	36	28	37	73	91	99	4	87	95	19	10	54	3	44	15	28	25	68	8	74	7	83	26	94	17	28	20	73	65	71	94	23	94	97	98
62	70	31	17	59	24	91	19	14	34	53	62	92	94	92	91	35	78	34	47	85	39	50	11	7	3	20	87	35	81	68	78	77	65	99	64	56	19	74	77	41	23	85	57	3	87	71	13	26	40	3	10	20	23	37	81	37	99	27	5	74	48	5	37	5	57	88	76	59	47	91	6	56	58	48	41	21	73	12	2	60	76	10	86	77	29	57	26	61	97	30	77	33	7	27	21	26	39	26	19
12	86	51	73	97	62	25	79	35	3	11	40	73	20	47	13	11	44	60	6	58	45	79	78	50	10	43	29	67	44	45	100	97	28	68	68	42	70	1	10	96	56	81	80	28	47	96	48	16	19	59	99	78	84	12	54	49	94	27	70	25	90	52	60	82	51	36	22	93	83	21	52	41	73	1	1	72	33	28	77	22	3	64	9	71	29	46	46	80	71	26	35	3	41	88	47	72	11	24	22
62	46	19	26	36	44	76	2	12	87	94	85	87	2	91	48	69	4	38	87	17	64	22	41	96	26	29	63	86	73	1	44	45	24	6	33	67	54	89	89	73	64	4	62	89	29	92	69	90	98	35	19	19	73	60	22	59	89	47	21	21	29	50	10	96	68	46	27	92	71	89	74	50	31	4	67	75	15	23	40	2	59	32	1	77	74	54	19	49	50	92	49	74	94	3	16	29	77	31	25
11	42	54	91	56	22	90	73	16	99	24	29	35	10	8	61	17	18	25	74	78	69	97	6	59	21	96	37	80	71	89	88	22	77	55	15	84	53	48	84	78	25	49	89	62	52	79	16	33	73	58	37	27	28	51	43	60	68	16	34	58	4	76	61	35	63	73	58	39	11	94	52	28	93	95	15	100	37	30	81	13	62	3	57	39	29	10	71	14	11	53	49	78	1	61	36	47	49	7	2
16	83	26	7	8	61	82	34	49	13	2	23	24	14	83	4	84	29	85	71	12	5	1	23	12	98	48	91	27	23	31	83	42	86	39	86	24	35	58	25	81	48	93	45	94	28	33	34	85	93	69	90	65	35	53	26	5	73	44	27	56	69	45	25	13	26	41	12	30	75	78	63	65	67	1	20	96	61	60	73	84	43	77	43	62	57	41	31	79	14	13	40	50	55	2	90	43	26	77	56
37	24	80	32	56	84	52	5	92	10	42	48	50	16	68	84	63	85	64	23	41	15	33	13	45	81	69	1	18	83	29	20	49	47	23	37	92	45	72	97	97	34	39	70	51	33	55	6	98	80	65	4	86	48	59	48	11	73	50	98	21	54	65	64	46	1	76	74	71	16	18	43	69	55	64	84	60	41	4	51	38	30	94	54	2	11	85	71	89	68	86	44	20	8	81	78	12	89	89	12
90	96	77	10	18	67	69	11	19	26	76	16	71	86	76	34	65	48	68	26	1	93	56	68	5	16	28	8	88	56	79	67	80	68	74	65	19	89	70	41	45	35	98	14	75	22	78	70	49	64	28	54	81	90	2	9	24	28	93	23	21	72	98	20	6	19	79	74	97	10	42	82	68	6	27	45	38	37	88	62	52	72	78	20	39	85	69	30	29	20	63	34	80	95	65	98	47	62	24	100
37	14	39	66	37	40	83	7	80	50	79	49	18	96	63	56	39	82	27	55	57	33	20	52	78	47	41	27	73	3	69	11	38	56	27	7	74	77	9	82	61	11	2	2	18	76	69	15	47	46	14	53	18	68	61	65	40	90	43	42	69	72	8	3	14	96	40	30	80	39	65	25	24	100	62	42	58	2	82	66	44	60	12	93	87	65	92	30	35	41	100	46	41	58	84	86	63	24	96	97
39	62	37	71	49	66	60	63	92	79	20	39	54	63	7	15	100	83	90	99	43	6	51	40	13	96	11	63	72	12	19	71	96	44	2	81	54	70	83	93	50	38	97	38	22	45	15	48	61	74	97	80	62	99	54	58	36	4	15	22	43	17	64	76	47	2	1	45	81	39	37	57	2	28	39	100	51	58	14	44	11	30	4	69	96	5	13	78	56	35	3	57	42	88	76	64	71	36	85	60
80	72	29	27	22	75	97	74	82	80	2	14	44	77	69	13	89	64	65	5	81	88	9	48	26	63	66	24	19	11	4	14	1	40	63	69	50	94	87	2	4	47	37	21	13	7	39	6	97	25	62	40	18	28	78	39	23	67	54	97	33	42	28	5	89	85	14	94	45	17	5	49	69	9	46	25	97	28	63	72	36	36	24	11	85	54	88	83	5	95	82	88	100	87	42	87	78	30	15	84
1	81	74	59	35	94	59	20	66	93	11	97	58	4	74	54	54	60	65	32	87	50	18	20	39	46	29	56	51	25	92	50	51	13	38	11	51	31	2	92	98	90	83	63	19	60	30	28	10	83	67	39	47	85	90	23	54	17	44	31	44	18	57	52	98	32	45	61	97	11	74	71	75	17	89	62	93	95	2	13	21	10	81	24	85	76	94	63	97	43	23	25	21	77	86	7	32	67	28	84
85	57	55	15	58	39	92	73	93	73	87	89	16	57	83	12	21	4	84	80	3	68	26	42	28	48	97	2	49	96	48	30	50	100	90	64	50	88	33	76	16	92	26	14	32	45	88	22	53	1	91	2	45	8	25	38	72	30	21	92	28	39	63	4	32	20	3	5	31	23	49	84	97	81	46	65	59	64	80	43	84	2	70	66	71	19	45	93	51	55	14	75	73	80	52	22	47	84	57	97
70	18	43	81	48	33	49	7	27	46	26	74	19	73	23	12	90	6	10	7	40	68	48	88	96	10	95	38	6	13	11	91	71	25	58	76	80	37	83	20	45	88	75	10	53	49	52	26	31	41	7	90	51	84	92	23	34	67	6	40	56	42	82	39	77	77	64	59	40	79	59	21	58	26	75	4	34	85	87	37	42	42	39	29	21	39	58	27	73	14	16	82	71	56	14	94	40	8	6	88
36	4	1	63	30	10	21	97	52	83	55	16	4	80	87	42	55	15	39	71	29	13	2	85	97	95	100	27	80	48	40	7	90	31	33	3	38	85	47	64	65	94	86	49	63	94	19	57	46	49	82	1	73	9	24	41	19	75	65	35	15	35	86	18	64	2	5	96	47	28	24	80	78	65	17	1	37	2	35	39	23	2	34	76	27	30	52	94	4	53	79	7	30	44	75	2	28	50	6	96
85	31	72	59	63	60	79	29	35	14	82	6	57	56	83	30	92	24	35	4	73	20	60	24	85	45	12	96	37	33	35	22	64	46	55	45	15	16	98	1	98	97	11	91	28	80	38	87	80	34	29	20	50	35	82	36	97	19	36	10	45	5	62	70	55	64	27	66	9	26	57	73	19	80	87	19	8	17	71	58	10	43	2	57	95	10	99	63	70	9	44	28	28	73	57	73	37	3	70	86
50	2	20	82	35	20	79	19	79	62	42	86	37	61	43	79	46	29	67	65	18	43	60	17	74	94	95	77	44	95	99	85	9	95	32	62	84	40	61	32	42	88	38	99	68	12	71	75	1	22	60	97	23	65	86	2	53	7	59	74	86	4	19	20	34	75	12	55	82	65	94	45	8	2	23	65	99	38	100	57	65	73	32	31	45	23	56	71	34	100	89	78	19	21	12	66	77	88	15	92
68	28	65	73	55	25	84	36	77	60	46	13	16	63	93	44	64	65	38	48	68	20	67	16	62	95	62	1	90	9	60	47	28	26	44	81	68	89	86	82	78	56	9	63	83	39	97	34	75	83	70	46	68	39	77	56	4	44	53	92	27	9	24	82	36	30	89	8	29	34	65	98	32	9	87	47	59	41	40	12	64	19	32	79	38	86	29	27	73	37	2	16	42	32	83	31	52	68	84	58
99	34	83	91	61	4	59	71	94	35	97	50	26	70	58	79	31	24	97	19	3	77	53	70	30	32	97	76	92	49	32	80	21	3	40	12	85	22	28	28	26	66	70	20	91	73	54	16	75	12	14	71	65	6	82	58	16	69	87	27	76	86	61	1	95	53	60	22	54	61	84	87	89	97	100	50	89	14	82	77	31	94	70	22	87	5	42	28	74	53	74	40	10	61	90	59	93	69	6	49
45	94	11	94	45	41	74	38	60	30	28	50	47	66	93	40	72	80	84	3	31	99	91	29	58	61	90	80	11	76	53	72	72	72	25	32	38	27	73	16	85	65	14	29	33	17	89	35	76	91	62	32	9	27	37	26	99	29	82	90	5	15	44	15	74	9	64	36	87	25	58	68	78	48	60	61	63	82	79	18	36	36	66	20	33	35	17	85	22	33	98	82	98	43	31	26	61	20	34	100
39	92	68	23	22	66	59	11	94	3	63	93	19	89	58	13	57	14	99	18	33	49	51	21	91	48	83	63	68	99	49	28	20	35	56	27	62	16	81	86	4	59	69	18	89	9	84	55	12	54	76	89	95	71	20	13	17	56	8	43	37	15	41	63	25	19	35	57	68	33	21	88	33	54	65	16	29	21	22	8	30	42	55	2	99	71	15	100	26	41	31	92	50	85	6	40	49	1	60	59
21	57	88	97	78	95	46	1	35	31	19	3	56	6	73	51	77	18	58	86	79	32	77	76	65	5	87	85	83	77	39	53	53	17	56	89	96	36	56	24	38	70	17	96	44	1	44	81	89	42	31	77	99	61	76	46	66	62	98	40	62	5	89	89	2	82	97	100	97	53	20	85	87	37	66	84	90	43	54	24	74	53	22	20	64	2	26	33	82	67	47	31	93	82	96	47	48	100	14	32
95	4	14	31	38	73	16	3	39	40	33	77	39	33	98	59	42	45	43	2	84	43	75	37	5	93	35	1	54	54	40	13	60	69	70	86	32	76	2	60	33	67	61	95	20	70	25	69	64	61	15	2	36	26	55	48	40	44	57	81	67	76	67	39	60	8	15	36	21	72	28	27	31	19	48	35	19	56	31	26	88	50	28	1	7	33	66	26	82	14	60	60	65	21	77	8	46	96	32	46
34	7	19	16	89	52	7	74	33	65	58	100	82	79	98	48	53	75	78	63	63	42	44	99	89	80	64	85	84	42	81	61	16	33	43	84	73	87	1	28	56	38	60	69	8	9	62	75	26	20	15	38	90	67	47	40	14	10	95	53	87	52	53	40	64	75	26	35	58	93	72	88	42	30	55	57	24	38	91	27	93	36	17	93	7	66	76	41	91	88	47	37	24	53	36	55	46	21	41	100
65	28	94	58	32	15	63	98	5	79	41	93	34	33	74	33	14	77	36	27	83	97	73	7	29	49	67	82	65	35	5	87	28	48	89	36	33	2	4	67	28	49	64	91	99	28	17	43	8	7	10	75	17	43	98	38	21	100	39	80	86	30	50	16	37	19	80	98	87	57	22	92	86	23	2	84	70	26	49	32	82	38	23	5	70	22	60	51	76	94	73	53	21	80	38	50	38	7	60	1
44	26	28	82	97	68	56	59	52	87	93	44	17	72	84	40	70	24	41	59	41	92	95	70	12	85	40	49	10	21	78	20	97	54	43	66	67	99	47	67	23	96	50	22	47	23	57	65	68	54	66	5	29	82	39	31	96	25	97	63	14	32	1	30	34	98	11	72	93	63	86	48	28	61	4	33	40	75	44	36	14	52	100	17	56	42	78	53	55	86	81	60	82	99	40	85	42	87	40	28
27	11	96	78	15	100	42	90	67	27	51	29	35	94	30	58	98	94	99	100	1	7	84	51	56	100	2	99	51	95	24	62	24	27	8	31	46	69	45	59	22	86	35	87	49	14	72	25	98	28	74	9	82	10	10	53	15	3	19	77	6	41	13	23	5	31	74	34	70	73	81	14	36	29	10	98	89	8	78	18	75	50	67	63	60	35	36	94	73	7	68	84	53	98	13	9	83	59	48	93
8	49	41	56	83	17	61	68	49	87	43	32	97	65	62	56	77	90	26	28	85	88	38	85	52	100	57	49	7	15	79	87	81	3	77	32	7	5	40	53	6	15	12	54	7	98	71	92	9	11	78	44	27	82	11	55	13	64	92	83	93	89	47	72	67	22	49	37	98	9	81	22	49	48	81	7	34	83	12	77	28	49	13	65	28	53	18	83	23	3	16	51	70	40	88	80	44	42	25	64
54	69	1	98	6	68	10	9	17	1	82	95	31	16	67	26	26	82	82	66	9	10	9	24	44	56	44	75	35	88	81	95	65	72	72	4	71	41	35	56	6	13	29	88	21	49	33	14	59	98	92	78	13	54	58	88	16	28	56	33	94	43	48	9	29	39	79	18	63	77	54	78	69	32	58	81	54	65	89	39	87	52	44	60	68	71	27	60	29	17	39	52	93	23	7	47	60	86	49	59
55	96	41	20	58	25	33	47	49	95	92	55	79	23	88	23	26	31	90	84	35	27	56	25	3	98	47	15	100	49	71	32	70	46	31	77	67	62	83	76	75	84	11	68	17	28	17	26	26	56	89	56	54	88	82	9	14	36	58	25	97	96	76	41	77	65	79	36	76	50	63	98	17	40	93	56	74	71	64	55	97	43	73	58	9	15	47	59	63	87	45	27	79	17	67	21	80	47	53	64
60	92	5	26	72	41	5	42	79	20	19	57	96	98	13	45	42	26	77	31	56	14	61	58	74	58	9	76	40	39	69	88	62	79	67	31	27	77	69	85	70	57	10	6	81	32	43	71	84	55	64	65	97	53	12	29	28	68	26	6	20	83	67	72	57	78	50	16	30	91	23	65	27	87	56	22	19	72	99	92	23	97	3	72	77	46	17	1	77	46	83	48	86	29	76	6	81	100	67	74
4	59	75	1	57	74	79	42	64	75	8	64	95	97	87	60	56	38	44	96	100	93	7	85	5	70	6	51	7	41	62	50	51	75	46	38	47	61	35	100	79	28	76	81	51	73	48	27	21	31	27	90	70	29	25	2	24	7	96	52	8	31	64	89	37	74	29	85	96	24	27	85	27	65	81	94	63	37	94	92	53	25	4	61	3	83	28	70	70	41	44	3	81	54	62	71	76	38	66	93
39	16	79	91	68	76	15	27	8	94	82	75	82	99	11	3	3	8	47	42	47	88	69	35	19	32	80	58	46	51	72	64	7	59	64	88	29	44	95	13	95	97	88	17	6	100	75	80	19	31	60	9	37	79	29	34	89	80	59	74	8	32	68	80	74	54	29	25	11	40	49	63	47	49	8	26	98	12	31	73	71	20	48	75	46	53	57	25	18	48	56	50	96	55	50	69	36	40	76	30
83	36	70	31	99	38	96	55	91	34	98	83	19	17	48	10	64	67	28	63	66	7	77	30	7	77	99	25	71	80	44	3	13	48	88	79	25	31	97	37	60	47	81	11	78	85	72	60	6	92	97	83	52	24	48	21	80	18	9	92	90	33	59	53	54	49	37	29	43	69	38	29	57	21	95	10	34	49	27	72	57	68	29	91	18	94	86	43	59	38	3	45	31	52	96	83	63	62	30	5
60	18	45	39	22	10	49	53	64	54	24	74	24	89	25	86	86	22	79	40	92	32	55	4	20	76	47	35	14	6	89	27	86	57	27	79	47	24	37	44	100	79	72	47	62	96	30	90	80	23	40	55	69	2	15	97	49	21	100	30	25	19	85	11	81	6	97	11	12	42	7	87	6	59	53	96	16	67	84	19	20	23	31	10	11	30	97	29	77	67	78	14	69	56	88	47	28	9	35	70
76	20	48	79	20	78	39	29	64	52	55	83	25	17	33	25	32	97	48	36	47	7	92	9	83	45	76	48	12	56	66	10	58	43	85	99	50	47	68	44	76	84	5	65	24	57	10	45	74	93	18	90	22	23	35	84	94	24	84	5	9	75	2	41	59	6	100	99	19	76	19	90	79	49	66	77	41	52	1	89	46	89	50	86	24	100	81	61	81	20	59	27	63	82	92	93	73	17	19	97
69	84	53	20	41	80	93	79	14	56	15	70	79	35	79	16	12	35	14	38	87	1	66	26	59	54	8	15	51	83	48	84	7	25	30	51	39	100	66	63	98	81	46	100	47	72	51	3	66	64	33	31	53	6	43	78	6	74	49	42	39	96	44	44	74	54	81	64	83	65	57	94	48	57	1	49	18	67	52	12	70	39	49	68	87	19	16	77	33	47	15	82	57	99	63	89	58	4	52	41
29	49	73	5	86	49	96	85	11	77	94	28	51	89	37	79	73	68	76	29	40	22	54	64	96	66	10	77	56	92	46	15	47	35	55	75	71	85	99	33	82	18	9	6	27	10	5	80	20	75	52	75	73	28	83	80	30	70	10	18	81	38	23	35	22	85	25	74	14	68	98	55	80	27	61	41	71	69	21	100	46	43	43	92	52	35	1	38	88	93	95	8	62	15	60	72	18	97	35	27
1	79	47	56	24	100	31	21	71	2	84	78	70	11	96	37	72	25	25	88	43	96	12	70	26	9	22	70	64	75	30	35	99	37	97	35	25	27	58	52	62	65	81	14	87	20	31	69	32	82	3	1	62	95	45	69	28	69	44	35	47	48	38	91	26	79	47	87	76	62	28	99	44	78	2	1	46	48	64	87	42	95	66	61	22	29	6	81	3	11	33	15	84	90	15	10	62	62	100	87
90	94	69	62	18	69	90	44	92	64	55	8	13	73	46	8	58	77	58	32	81	78	66	87	26	59	73	40	39	84	75	19	69	89	35	8	85	34	86	67	13	53	15	46	32	92	76	8	22	22	23	63	12	31	16	39	17	48	74	71	30	34	35	76	81	46	25	16	48	48	58	32	9	66	39	79	63	20	71	28	11	6	32	4	4	15	70	94	50	26	15	44	28	74	73	47	52	70	98	72
3	5	23	5	63	73	64	9	71	67	26	21	10	65	48	40	6	17	25	61	65	71	83	33	56	9	70	13	32	4	83	100	10	22	90	13	59	79	6	44	48	47	94	45	40	20	22	98	70	6	38	77	53	74	70	61	75	70	26	88	13	43	47	70	33	48	99	41	76	99	13	50	13	2	8	72	56	28	59	13	74	1	57	86	67	52	23	52	90	95	22	1	58	37	17	52	29	7	54	42
19	46	34	15	36	51	37	85	73	98	85	25	38	7	54	74	61	5	63	12	61	34	37	68	33	80	6	69	28	1	6	74	78	15	47	21	11	17	97	39	83	14	32	82	51	19	8	81	18	24	67	16	58	43	69	47	51	45	58	85	45	73	16	78	55	68	19	20	43	92	95	61	81	48	15	94	17	62	95	60	95	76	92	33	10	20	80	41	93	46	27	60	35	76	14	15	13	88	76	68
96	70	47	81	100	50	71	55	56	55	77	73	10	58	10	75	13	29	19	1	99	43	100	43	58	24	38	80	100	64	31	18	5	39	40	98	13	3	31	99	99	57	34	32	67	96	72	32	98	26	36	20	96	96	15	55	68	51	73	79	22	51	20	56	5	48	15	28	8	92	36	37	84	26	97	97	17	26	10	12	61	5	77	98	97	39	69	67	46	91	35	6	66	13	57	43	27	70	79	41
59	83	81	44	13	73	62	84	43	86	30	24	29	30	18	9	73	50	68	93	30	78	13	52	79	63	76	88	79	88	78	66	60	34	16	53	46	46	80	17	93	74	46	15	42	44	83	45	72	11	86	46	10	15	53	81	45	76	8	42	95	35	6	43	38	95	19	60	36	74	24	70	58	81	51	4	65	83	64	43	50	69	69	54	44	36	86	28	95	86	13	86	6	67	86	9	4	67	34	93
76	83	54	91	11	98	90	19	4	36	54	40	28	55	67	97	55	32	17	35	81	49	59	35	95	67	5	83	57	7	26	62	63	18	28	8	27	77	94	20	66	11	95	32	14	17	58	79	16	67	89	77	98	46	53	41	13	13	82	45	73	48	99	33	5	66	1	43	84	83	77	65	98	8	59	77	100	83	73	46	39	7	43	91	18	65	84	2	6	95	45	93	74	63	96	36	48	2	39	62
55	64	38	15	74	58	1	69	62	44	99	61	94	86	71	5	86	5	25	97	53	30	45	50	22	22	15	89	73	89	10	84	60	17	79	19	39	75	62	75	52	60	43	55	95	43	78	85	44	38	8	56	20	64	62	67	58	77	49	16	61	44	3	96	11	41	78	67	21	91	92	69	8	75	97	67	22	78	12	38	41	94	25	65	44	43	32	98	19	55	80	43	32	57	83	17	56	17	5	10
61	41	53	1	95	91	85	87	82	38	80	54	11	75	31	26	40	48	97	58	24	80	78	66	32	80	68	9	45	77	26	81	80	91	31	57	22	90	79	26	51	100	16	100	10	85	95	47	84	11	26	90	33	67	13	39	65	58	48	30	20	25	81	49	91	22	89	1	93	6	67	16	21	91	2	84	69	93	55	21	5	90	50	7	79	42	22	76	50	33	91	27	23	57	22	23	87	34	55	31
69	80	98	61	33	70	82	44	72	4	42	39	22	82	14	2	95	53	75	85	64	53	98	85	18	89	6	6	36	54	6	5	89	99	33	91	86	21	11	70	98	89	78	93	53	28	43	45	8	71	6	63	14	6	48	75	33	51	46	89	58	19	13	89	57	23	10	54	95	15	12	10	21	19	19	72	78	46	30	5	51	48	45	39	56	44	38	95	27	17	51	59	39	27	20	45	62	33	97	60
29	2	31	82	77	40	42	54	29	69	77	67	43	96	4	51	40	57	67	61	24	66	53	29	35	99	33	10	53	57	80	7	53	74	24	3	5	21	78	86	52	87	24	49	61	64	8	36	72	28	85	50	20	25	73	95	67	32	86	60	66	94	64	94	31	98	71	29	85	14	84	73	92	74	47	32	16	96	90	21	58	5	27	16	20	29	91	52	81	3	99	76	73	80	66	43	62	51	51	95
29	11	19	44	90	2	46	50	56	31	52	68	11	94	79	5	85	14	14	12	54	33	51	100	45	39	2	37	10	35	37	47	66	87	50	62	56	2	65	10	19	76	70	80	60	13	28	66	46	79	10	94	81	39	3	16	46	59	91	32	30	52	35	66	47	40	78	28	41	4	60	22	51	36	10	89	91	80	15	93	66	18	12	59	31	16	17	89	40	6	75	61	37	97	58	39	96	71	47	85
64	58	46	16	23	12	28	43	84	14	69	34	10	10	34	1	86	19	60	13	3	91	18	68	52	64	55	6	67	46	92	28	69	75	8	45	89	40	77	39	100	60	1	34	81	30	68	94	65	74	75	48	13	62	92	28	7	39	17	85	13	36	93	30	14	47	36	1	76	39	88	21	65	80	43	1	91	87	61	58	19	85	73	9	47	9	4	23	56	10	24	51	23	1	53	54	79	3	93	97
64	63	74	22	24	53	93	83	59	51	15	53	28	14	27	50	50	69	30	31	56	57	41	70	85	69	67	4	41	78	27	11	44	6	37	57	33	90	38	78	32	13	55	61	97	11	16	8	8	54	58	76	91	89	96	97	65	63	53	85	81	13	27	46	53	86	66	16	16	62	17	96	41	76	60	69	14	21	100	27	87	22	15	43	80	73	48	95	42	75	3	30	28	48	11	52	98	59	63	14
44	35	93	37	77	13	84	34	42	86	13	69	34	90	52	67	5	79	96	27	17	79	93	63	3	27	16	36	16	50	76	99	29	81	70	39	14	77	74	33	11	7	64	63	2	67	29	97	86	69	48	81	66	26	93	51	10	96	69	12	77	54	30	14	21	51	21	47	10	37	43	53	53	80	46	32	67	100	97	64	62	4	50	16	25	37	91	50	54	28	34	8	66	74	39	22	4	68	51	85
5	61	63	48	84	15	4	95	13	78	43	19	26	1	79	61	38	26	90	64	18	33	67	59	78	71	15	39	46	8	14	21	5	6	58	90	77	2	54	83	82	16	49	6	98	58	40	99	67	93	9	96	21	96	80	98	71	31	89	75	3	53	93	95	20	34	85	54	54	99	6	100	28	40	25	100	26	15	45	52	42	49	31	55	38	14	45	22	1	78	70	56	90	80	67	1	31	74	85	43
95	63	36	32	79	92	47	12	11	89	49	76	51	61	23	53	29	51	72	93	72	75	69	64	3	14	72	68	90	51	99	53	11	79	41	39	23	92	17	85	13	23	63	98	37	17	81	90	87	89	48	94	64	86	66	61	18	97	64	93	55	68	44	27	25	26	13	1	47	64	67	35	50	62	96	7	18	18	58	80	83	38	58	6	38	97	86	17	51	85	25	7	92	79	87	97	47	50	45	5
36	63	70	77	48	11	38	80	24	52	80	87	82	34	62	4	43	85	12	54	37	80	76	68	82	13	48	4	23	92	45	47	30	72	14	32	4	65	47	99	95	36	72	20	1	4	30	60	42	69	93	7	85	85	65	6	86	65	62	86	31	25	46	60	1	83	74	22	1	3	61	99	12	19	29	66	33	68	17	91	41	32	23	50	31	64	18	13	9	23	54	72	59	10	3	53	99	79	93	14
10	1	42	71	23	99	16	54	28	22	75	30	98	66	17	50	69	80	56	42	73	52	59	48	67	30	100	34	53	36	34	43	72	32	93	18	73	84	93	50	14	20	31	58	55	63	63	3	48	6	36	50	10	23	38	49	2	96	42	37	26	94	17	62	46	55	75	74	78	30	13	86	69	7	17	22	35	62	25	81	45	23	80	85	91	34	14	25	69	84	4	8	7	47	88	48	68	72	16	18
7	77	86	27	89	12	13	29	91	76	97	36	36	99	6	21	66	14	60	95	78	83	1	63	48	55	79	64	39	15	93	60	20	16	77	82	70	53	55	22	9	95	85	15	50	93	84	76	77	77	64	96	49	48	22	10	46	75	69	45	45	57	74	25	39	62	8	55	11	64	39	55	66	72	51	8	86	61	38	32	99	40	25	3	90	56	9	61	41	95	57	52	26	67	57	73	83	63	53	71
81	52	80	3	69	69	62	77	78	80	96	63	29	14	81	18	56	50	15	94	98	56	88	63	43	91	36	22	79	4	7	12	50	3	70	52	69	15	73	54	60	7	53	41	44	13	62	76	51	43	15	57	56	27	11	43	83	82	74	95	23	51	56	98	26	29	79	36	93	58	44	40	69	57	57	54	64	41	91	76	86	23	83	7	24	60	81	13	12	78	44	48	34	56	3	59	69	81	15	76
9	41	10	62	27	74	9	38	26	49	56	33	61	7	48	49	37	61	53	31	74	25	5	29	19	17	66	95	68	25	34	6	72	61	33	70	92	69	15	32	12	71	40	99	100	10	48	78	72	13	36	81	90	14	21	85	30	26	88	96	27	15	87	7	41	67	50	7	5	99	38	80	37	80	78	79	62	100	39	71	88	17	11	83	12	76	45	30	49	31	36	100	49	15	78	71	99	3	77	11
24	28	62	97	37	43	96	61	44	91	75	40	44	28	74	83	98	70	10	49	57	88	12	77	17	56	42	21	28	80	66	85	73	52	23	73	25	79	26	38	13	50	18	75	66	48	13	69	46	45	4	21	82	94	61	85	96	61	64	78	24	13	24	96	22	57	36	87	47	65	31	99	77	78	7	13	82	81	59	5	71	10	61	76	54	79	65	3	57	91	1	88	5	10	51	53	9	91	59	18
8	14	63	39	93	29	46	20	44	54	90	70	54	69	24	46	3	96	84	61	7	50	7	45	36	34	38	23	41	36	50	79	99	26	81	56	73	11	37	65	76	48	65	51	13	84	31	64	1	42	28	8	16	40	81	47	57	61	49	21	88	50	4	18	70	56	13	18	86	64	64	72	64	83	10	29	26	14	10	18	16	69	71	88	56	49	2	65	7	12	56	42	93	29	87	72	90	20	50	82
72	1	3	93	16	75	83	55	96	3	74	89	92	55	8	27	81	63	43	58	42	62	48	8	22	41	92	74	43	88	98	43	28	62	56	2	63	26	1	20	46	59	20	90	73	16	82	38	61	94	94	86	21	41	19	6	84	27	51	9	83	11	39	63	51	7	40	100	1	52	15	48	74	2	54	42	17	54	3	18	48	93	15	19	78	52	86	68	95	27	19	82	42	9	80	52	72	46	99	8
22	9	3	17	85	94	81	45	28	71	53	21	52	73	3	49	81	21	27	29	39	94	37	75	32	55	84	100	88	42	82	45	59	71	4	84	37	12	58	93	3	63	27	44	32	18	43	35	89	32	46	76	74	96	24	98	70	93	97	13	3	40	71	26	96	13	19	37	55	30	10	80	37	14	68	86	63	39	70	38	3	96	79	29	6	78	87	52	65	31	1	16	4	91	5	21	88	27	23	67
58	34	49	8	73	40	26	41	76	36	96	46	34	68	67	70	15	86	68	30	64	79	99	57	84	65	77	8	8	49	63	63	80	57	26	59	56	64	12	16	30	1	55	7	95	41	98	56	12	52	61	28	96	75	32	99	10	94	90	41	8	41	100	100	19	72	13	30	14	16	60	100	1	53	63	71	90	46	60	76	75	69	33	52	89	46	54	18	61	25	100	47	36	50	44	18	96	58	44	94
89	46	50	63	59	32	88	6	46	38	81	34	97	24	61	22	35	65	2	80	90	19	80	54	7	3	44	21	56	100	17	63	53	77	25	12	14	19	84	54	19	12	72	10	8	36	16	26	1	98	15	27	74	30	16	68	74	96	33	95	81	97	97	62	47	89	37	97	60	26	2	47	95	89	93	62	91	58	99	66	25	50	1	81	71	2	86	29	87	60	10	38	4	61	51	43	12	89	3	98
34	29	25	22	23	13	74	55	30	16	73	50	96	49	65	35	62	70	30	4	29	79	22	45	45	4	48	18	3	74	23	96	73	15	35	36	84	99	37	11	67	60	96	54	75	28	60	34	91	94	33	62	42	25	81	93	47	98	85	57	15	77	2	15	17	100	48	26	42	20	93	55	96	20	44	34	17	55	34	62	57	9	67	31	42	64	88	88	59	75	16	86	44	70	24	79	27	47	27	91
42	49	72	8	34	19	43	10	29	57	95	85	84	30	44	5	12	1	13	92	46	65	79	22	76	64	93	66	1	5	12	21	58	75	69	93	64	57	67	31	41	32	76	86	46	3	93	56	52	86	90	27	25	30	23	15	85	62	96	65	28	92	49	91	20	26	62	69	23	3	21	12	63	86	45	58	23	55	50	91	61	83	56	56	3	35	35	57	42	48	37	58	81	85	86	100	61	92	97	99
60	33	51	1	43	75	61	31	54	87	31	86	35	49	97	17	67	70	26	62	4	24	85	60	64	97	32	37	59	49	63	32	28	28	95	99	4	26	20	19	40	48	25	94	97	42	62	22	89	3	31	71	87	66	98	60	99	11	42	25	78	32	67	31	39	77	6	13	21	24	92	69	87	63	89	35	82	73	34	86	94	43	91	86	30	62	73	48	69	96	50	93	2	58	89	58	91	13	59	88
1	89	84	67	70	43	30	77	34	73	68	61	50	76	80	60	34	39	61	6	47	26	29	99	51	93	7	18	12	11	80	88	93	42	61	11	76	9	22	74	42	98	60	29	18	19	33	83	80	4	68	96	43	15	4	39	35	89	16	35	86	55	24	42	90	62	73	70	22	83	72	71	82	33	73	56	62	54	64	79	1	85	72	84	31	85	97	19	98	90	80	53	76	1	22	4	36	30	34	39
