70	82	44	6	95	73	18	74	24	45	9	87	38	2	90	16	7	98	73	55	26	90	99	19	71	31	32	27	44	16	50	77	97	56	100	48	37	96	88	69	26	23	69	45	2	7	78	94	56	56	40	75	43	67	90	90	56	48	78	81	65	35	45	34	46	16	23	33	86	7	5	72	76	58	11	59	46	48	92	50	93	68	9	18	99	88	72	36	20	54	3	98	18	18	31	73	7	56	57	26
19	49	61	29	71	37	83	46	64	30	78	3	5	15	94	87	95	41	8	91	28	25	83	63	80	53	73	78	94	76	92	80	38	30	58	57	63	28	90	75	2	34	73	84	42	62	82	41	43	56	89	34	41	7	48	45	23	25	43	39	7	28	97	46	15	14	67	80	92	48	32	78	45	91	65	34	29	27	31	50	96	46	62	84	92	85	94	98	79	64	13	64	51	74	6	42	11	32	97	75
10	37	40	73	27	85	67	86	97	47	61	37	76	88	28	41	81	34	24	32	34	47	78	91	53	44	41	76	70	85	45	64	100	95	37	14	98	34	38	69	43	34	13	40	36	15	68	80	23	72	78	33	41	49	37	65	19	31	31	57	67	48	20	5	81	28	40	9	74	40	76	71	89	19	78	73	2	17	97	45	94	38	94	50	10	54	8	83	80	6	89	7	8	84	92	87	17	74	13	90
2	83	55	97	28	90	86	79	33	20	20	26	47	96	66	41	36	40	13	58	86	62	34	73	99	81	79	34	73	14	15	85	21	4	9	14	24	97	96	72	98	86	24	1	46	19	67	24	96	79	42	56	98	8	72	94	48	26	44	51	67	40	39	54	82	16	54	29	23	98	35	69	18	49	3	33	1	1	63	39	57	76	95	80	55	37	52	93	54	8	48	67	16	79	69	26	37	32	69	52
46	87	38	72	17	59	50	84	1	45	71	66	32	62	8	28	2	27	11	46	81	98	44	59	61	47	50	8	46	25	80	17	43	41	20	74	88	6	37	100	74	71	2	69	75	63	92	51	66	60	80	46	36	20	48	90	26	16	96	51	38	14	43	53	11	69	58	50	33	88	100	45	87	91	100	76	44	48	50	30	3	87	34	46	7	94	21	79	23	63	22	91	69	53	85	61	12	58	2	35
68	59	18	3	52	46	87	5	49	33	70	100	84	21	93	28	28	5	60	42	85	65	10	76	56	42	2	4	59	14	13	66	66	15	36	2	1	51	26	75	80	91	36	33	58	90	65	54	56	78	75	40	52	1	52	61	83	24	33	12	35	38	1	88	24	3	85	56	91	69	8	78	19	12	9	90	67	21	14	1	16	41	22	9	72	81	88	48	19	74	16	60	84	36	87	95	4	41	56	27
36	66	47	76	45	47	38	97	68	22	47	28	49	67	64	72	37	34	35	29	87	13	65	86	2	86	75	18	49	29	91	2	80	7	99	3	27	28	17	16	34	91	73	33	57	12	77	23	85	67	21	33	5	66	51	87	80	89	39	47	83	79	93	12	78	32	10	11	96	46	9	6	81	97	18	56	85	93	16	54	81	95	98	40	2	64	100	84	15	68	19	97	50	15	29	9	36	48	82	25
44	1	48	13	86	7	72	75	70	63	41	99	28	49	86	45	39	55	3	23	13	59	83	61	36	91	46	85	8	24	8	90	89	24	82	49	58	79	66	56	83	81	96	78	32	71	10	69	93	88	69	14	88	75	70	8	48	45	18	34	81	18	4	9	39	2	61	13	85	61	14	90	66	28	34	39	22	44	21	72	40	58	66	60	50	55	41	59	68	8	81	81	73	14	34	81	7	78	56	100
44	97	53	25	77	63	86	58	39	29	53	2	16	69	32	63	33	53	96	80	7	93	19	42	27	71	92	86	41	30	15	81	11	66	99	46	97	23	5	76	8	14	17	97	47	16	37	50	61	58	94	63	84	20	53	12	56	56	81	66	68	56	57	79	13	64	96	99	94	55	71	69	36	1	76	61	10	85	81	95	63	85	40	34	26	1	63	30	93	28	39	82	65	36	84	55	94	60	75	17
8	97	79	85	37	2	28	69	95	22	6	33	56	14	4	26	91	16	66	57	40	88	3	35	29	60	72	97	5	23	29	76	69	27	97	78	56	13	62	91	86	74	46	78	82	11	10	3	85	61	27	83	18	42	4	2	7	9	67	6	90	60	73	13	97	64	81	38	2	74	38	72	73	75	19	39	52	98	20	23	19	79	97	86	97	78	67	3	49	88	28	46	82	42	96	58	54	7	35	91
89	90	28	20	83	25	2	85	42	46	61	6	89	35	80	90	38	15	71	97	42	69	71	77	83	87	23	4	51	43	69	51	94	32	51	2	64	57	18	72	94	15	16	38	16	96	35	38	40	82	53	100	34	59	79	60	52	11	27	90	54	59	41	44	18	50	99	60	27	65	71	78	72	34	70	16	13	58	82	7	15	31	100	37	77	66	26	41	30	4	96	65	86	7	72	29	44	70	52	46
81	36	80	66	38	51	46	75	61	66	58	60	41	7	19	9	50	3	34	100	30	8	19	15	7	29	71	24	78	46	39	37	37	29	96	15	45	79	49	53	76	100	18	95	37	44	73	80	85	48	28	18	15	92	90	56	14	8	90	86	69	6	64	10	26	54	76	22	89	2	64	58	64	80	76	75	13	64	95	11	33	52	99	37	85	9	27	24	1	88	9	37	91	88	76	38	20	16	37	63
8	13	72	9	23	63	53	68	5	74	49	32	28	64	30	34	39	61	58	3	77	84	55	64	88	93	50	1	14	40	77	77	90	53	95	24	2	86	62	57	95	70	38	49	38	99	75	14	58	20	29	30	25	15	90	59	73	85	51	38	2	73	92	95	28	12	10	2	86	35	2	36	62	71	64	81	21	94	66	31	92	25	5	77	93	54	64	85	69	53	65	21	8	31	24	67	67	75	44	29
1	96	65	93	16	26	58	58	60	31	30	83	47	38	59	80	77	58	65	1	100	91	6	8	70	21	7	16	20	55	8	12	71	28	56	35	93	56	73	80	11	20	33	31	27	94	31	50	42	71	49	57	50	41	18	68	58	18	74	90	55	93	34	20	89	38	36	23	19	87	52	2	52	56	49	41	98	61	72	91	83	28	40	87	92	80	94	12	88	3	27	66	83	41	82	32	52	8	23	38
24	48	15	80	84	76	55	89	76	30	90	70	69	91	69	73	10	62	13	38	97	60	29	98	17	37	18	96	82	37	23	68	23	81	4	86	11	40	98	52	19	39	96	95	19	87	73	62	94	99	72	80	96	64	84	31	14	73	12	15	86	46	58	68	56	97	70	10	87	39	61	61	12	88	75	89	46	88	88	36	52	66	6	97	49	24	76	93	67	40	29	21	85	90	64	32	87	26	36	14
46	61	62	69	60	35	28	76	16	5	72	74	56	18	26	1	44	39	15	12	65	45	82	89	23	45	42	6	84	11	57	39	39	16	44	13	19	78	13	6	69	91	83	7	14	60	1	41	43	52	30	88	100	91	40	58	54	54	48	50	24	80	95	11	77	86	70	50	22	28	2	99	2	52	39	7	24	95	35	81	69	8	57	87	19	31	15	61	59	63	37	89	9	78	76	8	37	27	41	78
89	10	42	14	22	34	48	33	74	36	96	36	43	80	16	98	30	18	91	32	70	3	1	43	21	19	29	56	83	32	30	71	100	71	55	12	3	73	38	90	99	86	54	31	72	22	3	87	12	82	4	23	27	11	71	69	57	4	100	31	99	31	44	74	78	71	71	71	75	56	58	79	76	87	5	14	16	2	11	79	94	84	62	43	62	48	88	13	35	73	81	61	93	95	38	40	18	80	17	90
61	64	1	22	23	47	55	39	43	97	15	49	56	47	80	10	54	88	15	26	65	64	62	7	79	8	26	2	31	55	54	35	11	52	57	95	45	68	99	10	31	72	72	49	26	61	77	44	41	13	26	42	34	44	78	20	67	98	72	23	29	76	11	71	14	7	8	93	75	94	11	17	59	2	44	21	95	54	24	17	97	93	75	81	66	92	65	12	87	3	67	23	23	49	31	74	17	49	89	57
50	77	25	50	69	34	6	22	96	69	66	98	80	57	10	72	95	82	79	32	6	21	31	38	50	2	27	42	45	86	60	32	32	72	46	3	10	90	4	35	66	7	2	31	100	66	92	24	5	77	49	46	7	68	19	84	15	71	91	51	5	96	81	83	61	58	60	26	64	26	66	90	73	79	20	72	85	57	67	60	29	17	70	78	78	63	18	52	9	31	82	95	42	82	6	67	65	6	63	15
100	61	21	11	16	87	79	57	59	37	10	40	35	17	98	61	77	64	32	53	19	94	86	45	30	74	35	26	46	68	55	89	78	23	89	76	80	50	40	68	56	100	39	35	29	25	56	78	73	13	71	50	54	43	24	27	68	15	60	79	82	44	15	18	99	59	75	55	25	12	89	60	42	41	52	86	84	32	95	61	33	28	87	71	58	77	25	10	74	35	57	99	39	99	59	58	24	4	58	64
77	66	8	93	1	69	17	12	79	66	88	18	25	51	71	98	79	3	31	69	53	40	42	36	36	82	89	37	72	55	56	7	81	96	75	61	19	71	21	96	50	64	62	70	53	21	68	76	17	100	81	94	74	69	96	9	100	12	53	44	91	4	95	83	34	67	64	30	88	24	88	52	46	31	37	45	81	99	14	97	82	89	83	37	49	53	21	70	81	98	44	2	25	99	68	12	12	68	69	69
67	97	7	79	32	40	23	76	33	77	21	87	44	66	52	72	63	1	98	76	95	40	38	70	28	7	96	4	39	8	8	65	62	10	22	1	83	61	12	17	45	54	75	100	57	93	3	20	38	78	39	55	99	5	23	92	88	49	73	88	89	12	43	80	81	12	30	79	32	62	74	98	94	65	37	45	80	98	53	68	28	11	68	49	85	6	33	28	70	26	73	74	91	24	58	37	78	69	66	65
66	30	18	64	76	6	19	73	90	27	95	91	89	87	59	79	91	66	26	16	27	97	27	24	56	97	89	80	69	83	96	54	82	46	46	15	1	84	79	37	93	87	90	72	7	81	87	11	100	71	37	62	49	96	70	41	49	6	65	32	94	74	40	23	72	33	31	46	52	9	90	43	33	39	55	30	99	78	67	32	21	37	51	4	78	77	71	5	55	73	48	49	70	9	78	72	46	37	36	72
65	12	93	17	26	10	37	49	26	76	65	46	73	92	48	25	72	79	17	30	94	46	17	18	70	24	46	89	1	44	3	33	11	18	66	65	94	48	58	96	87	41	95	20	81	71	99	7	92	75	63	82	71	48	32	3	20	23	44	62	24	44	72	13	82	80	11	83	85	34	30	96	68	17	18	89	95	83	2	48	23	48	26	57	82	43	74	100	39	63	65	54	91	55	20	25	36	52	45	40
42	100	90	27	66	89	19	40	9	1	91	11	89	49	14	34	61	67	64	19	89	58	59	67	14	99	59	76	21	29	54	66	81	25	28	54	88	42	41	13	28	78	1	93	27	39	43	27	89	29	83	22	83	16	56	88	3	6	61	10	83	32	71	39	77	31	16	82	10	67	8	64	85	83	22	61	82	59	8	95	87	12	7	21	3	98	40	35	34	43	97	50	24	3	86	65	69	38	8	55
57	37	56	88	77	47	59	1	39	13	42	45	85	14	47	74	16	52	39	13	67	34	7	10	93	92	19	82	60	34	16	92	1	79	5	76	6	67	73	40	60	21	7	18	66	9	51	71	39	89	85	82	14	46	45	10	49	23	73	89	60	19	17	100	45	49	7	36	69	42	43	93	39	18	34	14	70	49	58	9	76	4	63	78	2	5	75	8	53	42	11	84	3	54	96	75	13	50	12	1
44	33	47	94	69	7	87	23	85	25	49	45	13	21	25	54	93	14	94	47	47	25	45	71	45	94	54	62	44	36	27	47	40	26	73	85	84	11	54	41	90	94	80	92	26	92	41	4	45	3	85	15	29	92	80	73	79	70	50	94	56	2	94	16	62	4	46	48	84	64	5	24	80	13	58	75	47	84	89	51	97	62	65	15	100	18	98	17	50	96	47	92	50	13	97	68	79	31	18	85
63	7	45	27	21	15	91	5	4	60	59	35	73	93	52	64	43	52	2	88	22	98	79	13	81	48	95	25	95	80	51	41	3	50	1	15	100	64	88	58	39	60	25	40	6	78	77	39	100	35	1	84	20	69	20	91	24	19	41	46	78	28	89	5	74	34	11	81	59	89	81	61	25	86	77	65	19	26	47	33	42	72	83	84	37	87	55	32	72	15	11	26	49	71	51	22	93	13	45	39
67	92	31	56	57	62	99	90	41	62	26	41	9	98	95	67	41	80	72	11	39	95	11	19	85	44	39	53	95	91	4	53	100	60	63	6	19	20	74	88	74	31	64	42	37	33	74	61	49	41	4	73	7	50	54	44	39	12	59	76	77	83	74	21	11	38	96	31	53	29	21	6	71	32	68	53	19	83	83	20	88	60	25	23	16	11	5	42	61	83	41	30	73	43	87	59	44	87	56	33
25	93	84	63	75	85	1	48	72	32	9	63	83	70	91	57	52	7	50	70	35	35	59	95	26	26	20	92	74	45	71	74	94	94	90	59	9	82	43	28	51	3	87	91	30	19	62	81	96	73	10	97	18	48	59	4	48	51	36	54	69	8	81	9	6	51	94	88	85	90	6	59	86	59	94	24	96	97	20	36	93	28	74	11	49	40	71	24	66	47	40	5	30	61	66	98	44	36	32	72
31	32	98	39	74	65	58	63	64	25	34	82	72	84	40	41	100	53	43	40	77	4	90	5	2	11	38	36	2	26	42	64	65	86	49	57	46	89	60	87	96	94	43	42	65	48	74	22	57	50	19	7	75	64	86	15	10	9	25	67	21	5	44	94	10	2	42	24	69	49	56	31	85	20	87	85	22	53	12	40	2	36	60	65	15	7	77	90	71	14	32	5	43	68	3	84	8	19	94	8
56	25	31	37	46	42	20	51	58	43	64	38	79	37	11	48	19	52	39	36	58	79	62	56	91	92	65	39	13	69	70	43	86	43	32	27	13	93	32	8	16	64	10	2	72	55	34	2	91	58	23	34	3	83	47	13	65	92	19	39	75	89	4	56	42	30	58	62	11	63	43	37	75	9	5	94	79	46	95	46	38	41	63	82	23	22	43	49	22	17	88	68	52	86	19	89	46	41	18	89
42	28	88	73	9	14	84	19	46	20	66	10	19	95	81	4	16	78	55	96	21	48	65	78	44	77	32	48	58	63	84	39	66	80	52	87	59	85	62	24	28	60	70	61	57	8	5	1	56	8	77	18	88	29	8	43	30	6	83	92	5	49	32	75	35	38	32	54	62	57	9	95	58	99	72	56	13	19	33	92	20	29	88	50	5	34	51	76	51	25	20	10	51	77	98	11	80	50	14	37
91	57	51	20	31	18	74	37	71	64	21	21	28	70	52	6	79	79	22	9	86	38	75	71	97	34	68	94	43	3	97	44	18	86	73	21	72	66	84	95	100	48	83	37	24	65	5	80	67	31	15	17	21	43	1	33	42	57	93	50	30	46	30	53	43	34	26	78	89	86	82	33	41	79	78	34	2	99	19	2	33	60	40	79	90	96	76	15	54	86	62	96	63	88	15	92	60	57	82	85
62	83	30	37	80	44	4	43	21	51	47	64	26	28	66	70	95	7	84	8	57	8	23	72	100	44	5	72	86	17	29	33	52	60	93	49	39	55	80	87	93	6	61	36	22	67	61	91	90	64	99	35	58	27	39	76	87	29	68	60	83	89	11	96	38	56	42	42	62	61	29	77	50	97	91	31	80	7	76	40	73	87	97	75	93	96	80	95	87	40	50	48	51	28	53	63	50	17	55	40
4	69	83	37	16	54	23	75	89	12	88	50	3	92	44	52	72	62	64	17	24	94	36	51	47	87	84	45	19	18	41	26	44	54	15	63	18	2	21	89	13	43	16	54	68	63	5	55	59	69	63	28	2	61	41	40	49	17	87	62	50	75	63	81	18	100	37	9	96	96	60	92	64	85	86	100	62	57	73	70	51	2	1	23	2	85	48	30	85	74	44	64	43	88	100	11	73	64	35	6
78	44	8	57	8	53	74	4	3	30	2	4	78	63	46	19	44	60	12	44	16	85	99	76	36	54	12	12	33	48	57	97	3	36	90	8	57	28	60	6	62	41	16	48	73	20	54	5	8	62	78	53	90	14	90	97	66	4	58	77	64	91	25	9	85	35	27	97	71	28	81	32	25	2	13	77	76	62	21	66	97	85	85	9	69	98	10	62	26	63	54	51	21	36	100	22	28	88	32	68
44	34	37	2	73	6	84	53	79	10	94	3	8	35	23	37	11	81	67	82	96	99	65	65	54	76	44	30	58	49	69	18	51	70	96	18	19	47	94	83	34	100	58	5	50	28	27	67	50	78	30	87	94	37	80	73	24	59	34	25	52	89	79	30	1	1	66	75	2	9	27	94	40	47	40	13	33	6	6	69	74	6	51	9	19	63	24	27	69	57	90	39	82	90	58	26	59	14	47	25
66	82	3	72	39	42	59	52	31	18	10	97	48	12	92	52	2	33	95	89	13	39	43	100	51	21	92	36	19	98	18	12	48	90	72	93	87	94	72	58	38	45	90	24	18	8	4	42	66	12	94	55	5	45	44	45	32	24	28	46	45	70	28	25	64	32	67	16	62	4	19	43	28	44	90	99	54	53	39	39	93	10	62	75	60	88	7	90	70	34	42	49	48	75	38	7	3	85	45	81
18	17	25	34	46	49	4	92	78	17	98	56	23	84	95	54	2	45	13	58	79	87	23	95	67	94	81	75	58	84	100	54	72	64	45	33	57	90	49	58	64	86	46	47	75	45	87	7	18	42	25	72	72	68	95	57	38	30	72	15	4	92	90	15	91	92	45	38	38	51	33	83	53	9	45	60	47	74	91	82	100	13	84	78	22	54	64	96	74	63	32	4	28	49	40	37	26	95	23	54
65	36	2	2	62	70	54	80	74	22	26	80	27	30	5	77	65	22	86	85	54	27	62	46	50	47	61	53	43	37	84	99	79	8	29	92	93	3	97	88	98	52	10	60	46	23	25	71	36	65	58	31	62	72	70	67	97	11	28	34	43	34	46	22	70	57	48	74	49	54	28	40	84	94	23	9	71	87	47	38	69	56	37	46	29	10	97	49	8	44	52	91	80	5	76	42	96	32	77	90
3	99	57	57	48	79	24	81	90	85	23	30	19	65	96	32	58	41	12	53	45	32	93	5	12	35	37	94	33	50	96	36	35	12	14	44	63	91	73	36	45	25	87	6	100	42	1	72	77	13	69	68	74	29	32	94	45	8	77	31	83	89	51	73	38	45	82	80	93	65	73	45	64	14	41	1	24	83	79	41	11	61	27	14	55	75	20	17	12	93	18	37	95	1	57	37	54	20	86	70
3	54	47	85	13	95	99	55	60	35	2	8	63	72	33	41	57	11	73	30	40	72	80	25	84	28	69	80	56	20	94	34	8	100	28	80	20	45	92	87	14	8	20	12	21	23	38	99	87	66	100	90	26	81	25	96	90	63	54	45	70	9	34	29	69	34	55	56	81	48	99	96	94	52	2	5	47	66	75	39	45	37	32	33	99	93	83	50	10	44	56	94	35	55	64	67	9	93	55	44
74	44	43	42	62	60	81	7	46	69	41	90	12	73	53	7	52	79	47	22	54	43	66	6	98	88	93	77	45	72	17	3	16	73	91	73	48	56	13	65	98	39	17	98	26	26	35	78	82	77	76	31	83	10	83	21	67	38	96	48	92	76	74	19	15	95	89	17	7	80	91	69	85	35	29	42	35	17	17	81	44	48	76	53	24	60	90	3	6	55	74	2	100	64	63	11	91	64	73	67
29	37	62	73	73	5	90	3	73	16	65	28	74	29	1	13	47	24	59	25	70	42	88	56	32	64	14	92	48	100	69	92	32	85	18	83	74	84	39	93	37	30	67	13	89	82	33	78	19	95	42	11	1	35	29	73	90	71	5	79	26	62	89	55	2	79	89	79	100	64	63	8	5	80	31	94	61	26	14	19	54	65	23	45	9	100	81	49	66	11	40	68	4	36	25	97	87	9	78	100
38	28	62	99	39	6	53	24	9	16	69	82	34	47	78	87	27	69	65	88	78	99	29	46	98	46	90	83	73	2	9	17	21	76	47	53	8	55	90	19	91	18	29	41	34	43	28	28	28	86	55	79	80	40	44	36	38	79	58	35	23	20	43	48	85	10	52	1	90	11	25	17	36	37	89	96	45	35	90	27	5	44	2	38	16	12	22	71	66	25	32	97	63	88	95	49	98	38	14	6
26	74	27	47	25	23	49	78	11	73	100	57	85	4	55	54	88	14	51	91	64	44	10	34	21	7	75	33	35	94	92	18	51	40	26	12	3	30	10	46	94	16	96	21	31	84	79	62	58	49	18	92	92	99	13	31	80	82	85	98	79	99	41	89	95	36	1	71	18	73	91	10	9	61	39	65	18	87	27	92	19	3	29	61	10	15	9	13	19	45	41	48	41	83	20	93	44	51	41	83
51	81	15	50	4	30	4	30	86	3	14	38	52	17	34	10	70	89	81	41	5	70	43	32	25	88	94	49	50	97	30	4	16	36	98	93	80	9	22	100	47	31	91	93	17	27	16	53	82	92	84	1	1	84	53	18	26	49	65	30	41	33	31	51	29	34	34	29	83	17	78	70	54	51	75	63	73	44	31	99	35	5	76	6	92	81	25	99	27	58	36	37	37	92	37	4	63	44	60	26
47	3	42	58	39	22	36	65	78	98	26	12	45	69	49	87	44	93	60	32	23	52	63	41	81	40	66	38	79	13	87	72	8	10	65	44	46	66	8	83	32	64	31	41	44	6	82	31	85	17	85	91	6	76	78	64	76	40	75	81	14	60	83	61	11	42	41	20	91	25	65	43	62	56	81	8	75	37	54	26	31	80	68	95	40	21	19	29	46	2	98	70	60	94	55	59	32	75	6	58
1	56	32	49	68	4	73	94	1	88	56	92	84	33	69	44	1	53	76	76	14	13	45	70	51	84	40	89	30	65	38	47	68	10	84	83	78	98	53	48	65	87	92	56	74	32	15	91	52	70	10	91	46	84	23	7	57	3	65	71	25	98	11	71	13	50	95	43	17	41	77	37	16	59	26	71	86	64	18	37	25	36	45	9	62	45	80	34	82	86	3	9	62	40	74	81	70	47	86	10
100	38	85	95	50	27	21	79	70	76	16	17	42	46	53	43	40	65	24	80	91	88	66	16	61	11	97	66	55	98	67	52	31	1	21	68	7	81	19	9	51	90	61	44	55	40	17	26	36	12	18	94	85	29	33	15	25	12	55	7	47	70	69	8	61	80	52	95	49	92	16	37	68	20	24	48	71	17	54	24	56	15	46	41	81	5	89	45	66	69	60	98	40	63	57	78	98	25	67	64
88	30	22	98	84	40	62	51	10	67	18	67	34	95	18	43	47	85	20	74	2	89	45	44	87	99	71	44	43	52	38	50	10	29	16	27	35	39	85	89	58	90	75	88	21	50	22	27	65	72	79	56	92	52	50	34	41	47	29	33	98	1	87	13	36	40	4	19	35	62	76	98	24	42	48	28	3	12	65	67	38	3	98	100	98	21	8	58	31	13	41	65	35	67	77	46	69	65	87	82
72	76	89	7	83	73	33	59	98	80	94	19	33	26	54	47	96	25	67	65	50	71	20	53	93	49	76	32	75	12	1	10	52	88	6	40	98	57	96	82	16	99	16	44	65	3	62	42	73	30	17	46	33	90	97	26	69	95	28	23	32	86	27	26	19	62	57	63	83	32	19	59	47	69	86	70	52	84	87	48	41	54	93	40	70	89	8	96	33	8	30	7	70	79	80	89	57	21	84	33
19	13	43	83	5	37	16	12	89	36	1	7	85	98	69	19	89	84	31	74	76	55	6	54	53	69	6	96	97	83	21	54	72	18	88	71	85	80	61	87	90	45	87	88	58	36	35	73	70	100	36	98	80	2	70	20	64	33	25	39	8	83	67	2	2	12	68	53	46	97	40	31	70	40	15	80	85	5	15	92	29	53	81	56	28	86	97	12	15	3	15	42	59	81	34	7	80	63	21	63
25	86	13	87	72	100	40	27	66	65	99	89	83	23	88	83	49	55	20	41	10	35	92	77	15	25	92	71	72	93	25	70	20	19	51	36	8	3	20	98	17	81	22	71	89	29	32	40	93	47	80	83	24	2	72	41	36	81	2	6	12	99	31	100	71	11	40	98	28	28	5	31	64	56	5	98	8	19	52	98	79	35	48	82	47	93	42	59	56	83	98	34	13	1	96	33	93	70	66	79
97	66	15	35	84	77	74	18	13	86	51	3	40	50	100	23	59	28	39	94	92	46	30	68	19	83	57	97	86	25	45	14	38	54	4	76	6	28	32	10	41	41	3	60	32	85	26	84	62	83	3	12	62	1	58	51	4	65	71	95	39	100	41	49	17	61	50	65	99	37	16	95	76	53	47	96	6	96	69	52	98	13	40	30	12	76	24	48	90	42	93	81	78	20	27	67	75	55	7	79
30	48	49	70	55	79	96	58	13	31	12	86	13	5	60	59	40	93	16	84	23	84	13	26	8	19	86	73	65	60	57	27	15	14	22	91	60	56	40	35	54	75	100	34	70	58	85	89	90	62	36	70	16	56	97	84	14	35	77	15	74	90	30	97	50	12	80	23	70	54	78	13	53	39	13	44	65	55	79	93	80	83	23	3	74	23	24	89	79	77	9	57	2	45	12	17	46	62	14	48
64	91	68	61	30	56	44	87	74	5	92	51	79	52	8	57	56	41	37	22	17	30	96	100	96	38	50	43	60	33	3	34	56	71	41	93	63	5	13	29	72	31	57	58	95	83	40	79	73	58	76	63	74	82	43	37	11	4	81	17	71	62	31	18	2	75	22	52	56	38	41	31	10	10	73	100	70	49	33	85	3	48	61	17	1	37	2	93	47	15	29	6	31	65	56	98	46	99	9	25
73	85	51	17	1	2	80	10	45	18	2	87	46	46	37	1	52	98	43	53	78	58	41	87	70	10	48	28	12	44	75	20	43	79	55	2	51	75	79	51	91	100	98	81	54	95	49	52	100	12	69	67	95	97	42	23	54	8	3	34	75	19	61	10	84	71	49	43	15	39	83	72	18	19	32	13	70	54	4	63	63	17	6	98	55	79	43	94	7	78	12	42	47	46	59	53	50	11	81	81
82	98	80	65	97	19	39	40	57	80	24	16	68	82	66	37	37	90	14	14	35	10	76	41	92	66	10	25	42	15	94	75	50	21	70	57	24	37	81	68	85	66	27	93	87	59	80	3	62	99	61	63	28	42	10	76	81	62	89	54	58	81	2	20	42	19	95	71	43	59	50	15	49	43	82	71	58	45	81	58	26	94	78	64	48	54	94	37	49	90	14	94	83	93	10	46	96	69	19	27
33	36	45	29	35	47	29	39	68	21	1	15	11	21	60	73	23	58	62	65	19	40	30	30	96	18	51	26	65	20	95	44	100	24	42	70	48	33	65	62	90	3	28	56	74	100	11	16	67	4	65	22	59	81	46	38	17	44	57	55	34	16	46	48	28	42	84	24	42	20	13	7	97	61	50	37	38	16	80	13	46	69	93	33	69	47	85	74	34	48	9	9	18	81	51	50	76	93	99	77
87	87	6	70	87	91	72	49	12	34	60	84	78	70	31	40	3	38	38	31	60	87	14	45	54	36	85	79	29	35	25	99	59	33	36	52	74	28	56	24	94	96	75	26	36	91	12	9	93	99	85	79	5	65	82	18	56	99	76	4	70	44	65	66	18	47	11	13	28	28	71	74	69	56	37	74	17	99	92	71	72	88	3	91	32	98	88	97	56	24	31	99	3	61	62	36	14	26	100	61
63	86	3	72	89	90	24	91	6	8	93	17	71	70	75	81	98	34	56	73	39	89	86	93	17	53	49	1	70	82	86	1	95	65	92	91	33	54	11	98	10	41	47	47	63	30	84	59	33	30	95	73	84	69	38	31	46	5	50	28	34	46	88	74	99	41	58	86	90	19	8	30	66	27	44	51	63	56	7	16	86	32	68	13	44	69	95	24	58	82	31	96	35	15	14	9	26	32	91	26
55	43	89	93	41	65	28	37	23	20	37	67	20	36	12	42	28	22	76	64	69	29	94	100	72	32	3	77	41	63	8	77	55	7	82	99	30	35	58	9	58	92	37	7	8	4	4	68	80	83	12	18	88	39	73	74	92	76	34	16	9	45	6	23	83	5	32	16	31	79	67	4	50	74	83	34	68	66	78	20	31	19	60	56	23	36	53	79	70	84	69	12	30	49	78	5	57	24	73	55
47	3	93	6	68	24	44	6	60	58	57	12	88	61	20	47	3	67	47	69	29	91	36	72	55	37	15	75	59	59	19	30	41	52	7	55	40	21	90	66	5	2	19	65	99	43	61	73	39	37	21	7	47	11	80	64	72	21	24	67	11	26	95	7	66	37	75	36	72	2	96	18	80	99	24	68	93	16	78	77	44	66	36	50	50	88	86	15	50	51	55	89	83	77	76	92	53	69	71	21
76	33	22	26	52	29	59	39	25	1	33	57	86	14	59	38	40	48	14	16	93	96	35	27	92	5	75	64	80	33	24	23	48	39	52	11	7	49	45	43	91	61	75	57	96	34	52	11	27	71	31	78	95	1	84	11	64	69	25	63	96	9	97	53	12	85	50	47	8	13	62	35	4	31	59	13	44	60	3	49	44	68	11	87	67	10	8	15	64	23	89	59	93	40	91	47	50	56	76	4
71	90	10	61	99	75	10	4	87	10	75	13	83	25	54	21	48	89	67	25	73	82	27	80	83	94	37	68	85	15	92	1	10	45	44	77	88	54	11	74	34	62	21	28	87	3	31	9	87	50	74	93	40	67	85	61	92	89	88	66	31	4	64	87	85	95	92	97	49	48	11	70	82	18	58	69	2	5	85	27	23	76	96	62	35	2	97	16	2	68	61	64	61	76	82	18	43	45	10	86
16	11	56	85	34	73	83	100	6	46	84	23	76	9	62	86	89	58	44	8	63	62	10	44	72	63	74	7	41	92	8	90	4	70	24	3	51	75	13	55	72	58	32	62	49	77	53	60	9	34	43	27	46	95	89	73	1	86	99	11	85	59	62	92	99	68	72	7	24	58	39	78	3	68	34	54	64	52	31	63	79	12	49	67	39	32	21	31	55	14	59	51	29	61	9	4	57	60	3	56
94	84	72	25	23	41	75	43	21	87	52	60	21	85	4	89	73	26	98	40	74	59	93	51	86	9	10	5	84	74	41	53	45	19	87	17	16	16	79	76	92	11	18	46	34	17	79	87	23	49	22	6	42	88	100	77	66	35	52	53	24	56	46	21	5	94	29	46	66	85	87	41	80	54	89	83	61	37	35	87	41	48	56	82	64	53	65	63	51	19	40	26	51	43	9	3	97	30	22	28
80	38	67	91	92	15	9	61	84	17	26	54	33	92	87	51	77	11	5	70	85	87	72	48	53	95	12	47	18	63	59	47	34	60	54	60	29	57	3	45	95	77	95	91	26	56	54	3	100	66	47	42	25	61	21	67	80	83	91	9	28	71	17	5	69	46	13	33	39	15	20	51	50	74	89	40	45	49	92	40	89	29	9	33	5	100	57	70	62	23	10	1	100	83	61	24	32	12	10	56
72	42	62	47	68	30	64	33	79	72	78	21	65	7	90	8	45	92	26	91	88	82	68	71	1	38	28	45	28	21	99	99	29	96	38	24	88	34	78	71	1	85	26	39	91	92	57	87	19	60	60	38	47	15	55	82	84	19	48	67	19	14	55	74	28	77	8	91	13	35	9	44	4	37	7	87	2	87	99	27	35	44	85	77	50	90	21	75	90	75	5	92	44	28	66	77	3	48	5	74
42	17	72	42	43	5	32	23	79	16	90	59	94	52	93	52	97	64	89	79	73	65	57	11	41	37	70	93	78	36	85	1	80	99	89	30	9	80	63	15	54	75	78	20	31	43	8	46	49	19	12	69	10	42	43	17	59	89	84	71	10	85	38	73	1	29	47	45	4	74	9	90	64	1	79	7	82	25	42	53	99	95	92	67	46	89	69	67	92	47	79	15	19	72	67	46	92	52	12	54
45	23	1	71	79	13	69	63	1	40	50	26	49	9	95	26	88	75	15	71	3	57	9	10	53	23	56	22	30	53	28	31	59	33	81	45	90	50	79	5	51	57	91	90	18	36	4	95	54	41	31	56	21	36	59	82	2	13	23	34	16	76	61	52	6	63	24	36	39	65	38	71	5	72	38	98	7	41	31	73	18	14	28	30	12	11	99	14	35	8	59	44	18	61	15	43	100	78	25	34
49	53	88	68	79	56	37	33	52	50	22	28	66	98	9	47	83	28	90	9	89	3	70	95	1	28	66	25	82	25	80	77	28	90	20	30	32	70	34	49	68	48	74	93	64	41	54	41	87	6	99	23	82	84	75	98	75	20	12	79	28	33	9	100	73	75	32	54	29	14	57	64	32	52	36	95	46	35	55	11	26	27	34	71	57	59	50	27	95	14	33	100	76	63	16	93	25	65	45	73
93	2	53	86	99	62	8	25	64	71	92	33	83	54	68	72	86	44	98	18	4	68	39	97	19	18	54	99	88	45	49	21	6	40	66	11	55	76	75	53	24	100	39	96	17	47	44	72	78	68	10	58	64	48	76	87	5	97	78	8	80	23	66	15	99	19	13	1	2	37	10	45	54	22	13	55	22	99	47	95	61	90	61	73	70	22	51	70	100	67	65	2	58	19	12	60	15	100	64	45
58	77	64	99	41	97	91	91	44	6	3	5	68	60	4	61	9	23	26	63	45	20	14	53	12	49	23	89	62	41	19	98	62	68	63	43	14	51	11	49	4	32	26	23	9	29	77	1	20	95	10	64	32	84	56	14	1	14	12	71	18	38	82	47	92	73	85	51	77	99	55	52	59	72	13	3	66	82	30	79	14	28	20	45	17	53	17	98	17	58	77	64	43	49	39	8	68	4	32	14
8	35	99	43	99	72	18	98	91	65	86	57	37	59	37	59	68	44	68	35	84	68	59	38	74	73	4	42	79	56	83	46	94	39	84	58	53	85	41	77	12	98	6	77	39	49	22	49	23	45	38	82	71	30	70	26	36	55	39	47	57	5	42	47	90	27	66	59	75	99	24	89	16	91	36	2	82	77	93	71	98	52	1	58	38	53	55	62	45	51	40	54	38	99	85	65	27	41	85	36
98	81	100	69	94	59	78	55	3	37	91	44	17	2	11	50	3	82	41	38	17	35	6	82	19	65	24	79	68	14	51	2	22	53	41	41	55	99	33	67	44	76	75	79	13	3	62	93	67	8	64	72	51	29	98	47	90	96	24	5	79	82	72	57	4	79	54	82	15	42	70	6	28	79	9	23	78	33	89	81	52	93	95	17	77	93	14	72	61	64	36	54	62	50	34	21	82	47	74	12
16	36	63	97	89	48	24	69	95	86	79	68	2	51	91	83	22	42	72	32	99	62	18	21	21	22	85	25	95	39	10	9	96	43	16	33	3	54	25	56	62	91	55	70	74	49	93	42	83	84	32	55	22	5	13	26	72	67	16	7	61	11	15	83	46	76	32	72	100	52	65	49	93	12	46	77	95	36	88	74	63	40	48	91	72	62	56	14	10	14	73	91	71	53	2	31	87	3	92	6
22	8	32	69	54	91	85	43	14	69	12	35	74	22	9	58	55	24	12	11	58	97	37	17	74	86	40	43	95	26	75	57	37	26	87	24	57	100	15	73	49	86	80	50	20	13	50	77	67	19	10	31	45	74	14	97	6	68	73	78	57	14	92	87	60	29	26	68	22	41	21	67	86	33	78	54	8	63	11	91	73	18	16	99	75	69	35	65	42	43	3	48	83	50	94	29	9	7	33	72
38	62	72	19	79	24	15	83	35	78	72	95	88	32	91	85	89	96	61	46	9	81	84	93	43	10	51	14	31	62	20	61	67	99	41	5	8	67	84	15	70	33	56	78	70	65	88	35	30	7	37	36	71	74	99	72	1	7	40	67	66	98	91	35	16	29	4	80	35	99	23	6	38	29	60	34	79	95	59	33	64	82	97	39	66	41	75	57	17	82	4	61	1	51	77	27	33	42	10	32
11	86	83	4	60	80	88	16	42	51	59	64	12	31	31	41	26	16	57	89	42	80	82	88	18	20	69	32	62	15	8	57	16	26	38	38	86	48	97	4	92	71	34	98	13	44	22	26	61	15	45	56	94	73	99	12	38	15	1	1	43	69	59	38	22	60	12	39	76	65	34	17	43	7	4	43	69	80	38	73	73	5	23	3	40	87	69	16	29	6	27	70	33	16	26	25	64	42	31	54
20	46	84	93	6	33	74	49	88	90	78	7	79	66	88	100	60	10	48	8	83	19	46	25	74	70	92	84	74	51	83	26	5	93	2	80	79	99	10	96	26	39	50	10	25	68	62	13	86	68	11	37	80	2	37	46	79	53	88	54	22	1	35	81	77	88	73	39	96	8	34	1	70	49	4	42	80	91	34	91	66	59	76	52	15	4	30	2	19	70	28	84	2	45	76	12	64	28	65	97
76	5	47	97	76	77	92	100	89	25	47	77	95	42	32	81	26	80	35	32	11	5	92	89	83	83	79	54	82	10	58	79	53	9	27	100	24	36	40	65	17	80	49	77	10	64	74	64	61	75	80	25	44	79	35	66	82	74	37	87	5	4	2	88	73	66	35	99	83	49	72	78	21	64	82	57	5	95	84	33	31	34	20	27	6	24	26	30	10	3	17	48	69	42	41	39	4	71	80	89
17	46	78	33	18	82	81	86	25	60	7	89	4	19	52	80	51	88	85	56	100	78	8	96	67	64	58	29	53	50	26	66	16	37	89	34	77	37	2	8	57	84	79	4	96	39	86	42	51	44	35	25	29	93	52	75	14	87	25	99	78	50	92	65	11	56	9	11	10	31	37	32	90	29	82	4	2	47	85	86	95	16	91	38	14	66	96	12	59	89	72	49	42	7	52	53	89	75	77	25
48	68	46	98	15	64	34	39	59	46	64	4	47	59	9	87	7	78	56	4	67	45	100	14	88	11	14	42	10	35	29	57	50	61	7	12	26	53	12	25	49	88	70	10	23	70	53	28	63	54	2	67	8	70	95	35	98	78	80	72	4	10	17	82	66	26	3	38	44	12	29	70	63	5	47	87	61	63	91	56	45	82	76	61	42	8	46	14	12	69	45	9	74	46	29	45	4	76	26	15
34	100	5	94	53	2	65	85	59	98	36	9	66	54	3	93	16	38	25	38	20	78	4	97	54	19	26	82	31	23	80	28	87	93	96	69	72	92	1	28	88	96	80	78	50	4	29	60	76	70	85	88	58	44	13	10	12	100	29	19	34	75	23	57	78	97	77	61	91	57	33	38	83	17	9	71	56	1	67	1	98	36	58	66	59	73	1	56	79	4	10	77	6	66	59	29	28	20	57	85
64	92	86	54	92	4	66	49	21	50	64	75	55	52	12	81	29	44	93	70	43	73	11	51	21	16	80	93	18	24	9	5	5	29	65	13	76	44	21	29	56	89	64	1	52	58	78	75	95	48	86	41	56	25	91	21	5	67	32	74	65	61	94	69	79	87	94	72	45	95	51	100	54	44	54	50	16	8	65	34	67	77	66	9	3	8	7	88	95	15	38	70	49	20	1	23	79	67	51	97
17	3	61	89	43	24	73	47	96	93	54	46	60	67	32	72	58	87	17	36	19	40	24	96	48	100	93	61	12	19	81	21	21	56	38	52	18	22	85	51	84	69	61	40	24	98	14	22	8	5	33	86	90	89	31	8	36	33	42	32	99	58	67	47	18	43	30	97	91	89	62	58	76	61	21	57	90	19	64	50	3	55	95	6	73	7	39	47	34	90	4	53	57	59	55	62	46	53	11	47
82	56	20	53	65	46	82	30	22	74	11	84	37	7	1	83	55	100	90	8	52	55	74	11	70	11	91	66	18	20	27	39	99	69	4	57	9	65	75	29	72	68	68	71	11	4	84	5	78	35	16	95	10	69	89	40	95	2	44	3	4	63	74	68	53	70	23	68	30	99	35	60	55	86	9	53	29	57	7	38	31	68	10	35	14	87	4	94	74	40	48	72	8	44	46	66	15	13	48	9
56	87	68	98	24	64	53	10	14	61	69	6	81	81	17	38	16	9	18	89	13	39	48	100	83	25	3	61	71	64	70	29	3	76	15	43	49	38	20	67	38	50	16	84	44	69	62	70	52	20	7	100	46	90	89	58	88	50	4	57	74	9	25	13	84	14	63	27	16	7	74	63	26	81	70	51	22	90	26	95	29	8	59	2	71	83	80	33	73	74	40	30	20	53	82	31	54	77	78	8
12	82	82	38	4	58	54	46	37	55	96	37	87	84	46	69	45	65	10	25	55	25	54	32	7	15	15	68	65	35	11	40	40	31	4	93	83	5	73	24	12	78	84	63	25	17	96	19	16	82	5	15	24	49	48	9	59	96	61	87	1	11	42	38	59	20	8	89	13	45	39	15	5	66	62	85	6	34	50	26	57	97	13	14	61	57	32	67	57	95	65	76	77	13	91	68	19	57	92	1
73	34	39	42	40	82	7	56	88	97	34	36	72	96	87	85	76	8	92	45	33	45	58	51	22	16	78	41	84	57	57	60	44	2	10	77	6	18	43	18	42	53	92	56	30	11	23	86	77	79	96	35	73	34	35	17	76	29	76	96	38	42	37	48	36	54	12	19	99	25	8	90	22	63	30	14	68	31	21	92	71	23	2	65	62	16	68	100	60	79	56	65	58	72	89	26	45	76	2	41
91	52	75	83	34	63	47	51	59	74	4	69	71	80	71	92	1	34	26	4	71	7	99	40	71	69	8	96	63	99	87	36	73	34	42	67	30	1	80	7	8	8	4	64	84	69	82	42	51	19	66	94	83	4	12	76	61	49	44	23	33	26	44	14	33	93	51	40	40	16	8	31	57	9	73	35	32	55	4	24	57	10	12	32	40	92	80	82	60	7	63	50	49	26	41	64	79	72	35	56
99	8	51	4	8	91	64	25	50	93	34	3	88	94	69	67	63	23	27	81	30	60	23	81	59	47	35	71	33	79	60	6	14	49	27	93	26	52	68	47	32	24	26	9	45	41	37	81	3	31	17	34	12	74	23	84	11	68	39	1	83	30	3	35	39	4	58	45	36	36	7	47	13	58	42	62	38	46	52	2	94	44	100	50	49	49	94	49	53	92	91	74	53	21	37	7	19	19	75	50
98	64	94	99	11	18	50	46	55	96	31	14	32	6	96	91	80	86	93	97	100	98	45	58	32	93	15	58	13	13	3	9	65	46	94	21	6	77	8	40	94	89	92	45	62	73	89	96	81	15	48	55	37	33	47	32	2	17	61	84	61	85	51	100	79	24	94	30	70	27	98	2	38	97	58	45	90	63	32	1	31	58	61	72	57	16	78	79	67	96	48	46	69	74	7	71	58	1	39	56
82	24	27	99	86	13	69	18	8	67	31	39	89	28	59	15	67	91	6	55	95	81	30	56	30	57	60	66	69	58	98	96	1	21	87	90	81	89	43	40	92	63	61	57	63	29	57	16	58	94	35	51	94	98	46	86	38	3	69	95	59	24	22	44	60	56	84	38	20	80	68	24	42	74	32	40	99	46	80	22	81	11	12	33	76	48	39	19	25	87	28	32	91	81	76	34	20	37	7	37
11	82	38	21	21	78	25	29	43	65	73	64	22	58	2	32	75	81	62	96	42	9	4	36	34	2	39	17	69	63	16	83	44	100	95	51	97	47	89	75	43	12	15	57	26	1	64	79	27	53	7	44	2	81	71	78	76	4	84	51	67	4	32	56	97	91	28	29	78	2	12	9	84	54	40	46	7	75	54	3	44	45	83	51	74	30	41	7	75	30	34	30	76	48	71	27	40	95	63	26
53	38	32	24	67	26	72	46	72	91	87	85	23	58	21	70	9	97	69	4	44	92	31	21	7	21	59	33	14	57	62	34	8	41	11	37	30	6	11	47	84	70	55	38	34	26	64	17	45	17	72	84	60	91	88	65	62	5	62	6	41	92	33	12	86	6	46	51	76	62	74	93	1	65	27	86	71	26	5	29	30	49	22	60	70	26	16	45	8	9	48	74	25	28	87	13	50	34	47	67
79	60	65	67	77	88	74	51	64	87	73	63	51	66	81	99	92	61	89	94	35	58	73	86	4	48	31	36	98	2	67	78	25	14	65	69	80	28	4	56	37	67	96	58	45	33	77	81	94	10	58	82	18	99	90	33	92	37	93	4	62	33	58	3	46	18	24	83	97	43	29	13	40	8	44	10	62	72	40	42	85	96	75	49	83	15	29	39	6	99	8	59	4	48	43	11	21	39	100	96
