88	50	62	84	64	63	11	8	66	20	22	83	43	60	9	62	16	15	19	78	63	72	68	34	68	35	11	55	11	22	53	88	22	89	71	28	16	22	98	49	51	80	69	85	58	32	34	60	86	23	67	90	9	85	20	40	27	90	21	44	44	8	15	26	44	95	43	10	62	88	27	9	38	87	40	97	34	3	25	9	62	91	99	54	57	7	74	78	29	27	9	6	25	7	29	45	94	68	86	67
75	18	75	62	51	16	86	99	98	27	76	91	28	52	11	42	3	84	73	84	6	57	17	82	11	63	88	56	1	38	24	35	49	16	72	81	64	25	92	64	12	62	5	28	77	7	90	72	31	23	83	34	76	55	99	95	5	58	99	64	46	66	8	15	1	100	73	7	30	25	75	37	80	67	1	60	76	79	69	10	13	18	61	19	42	80	18	84	16	89	58	30	39	81	60	5	28	96	61	54
21	8	1	21	44	29	1	78	80	25	23	24	100	13	59	50	79	44	79	79	92	42	94	25	21	96	16	57	4	71	26	69	16	100	59	16	16	8	26	47	44	98	93	52	96	62	45	3	72	56	19	67	4	32	53	55	27	7	81	14	40	33	100	24	95	65	14	54	68	22	29	24	73	25	45	65	60	81	43	54	13	47	8	27	91	91	84	54	81	74	59	6	55	86	31	54	55	79	23	1
71	70	30	65	61	90	94	64	71	79	65	23	73	99	21	89	92	29	80	30	2	89	39	14	78	11	65	91	40	86	9	45	74	5	87	60	65	69	75	87	98	26	26	48	24	49	99	47	88	4	39	47	52	66	21	2	85	50	97	73	81	94	87	44	43	35	54	82	13	16	68	53	13	64	42	9	90	61	42	74	90	2	71	5	98	45	85	18	51	93	42	48	10	13	97	95	83	89	38	16
9	100	28	84	56	80	50	54	85	30	60	10	19	27	73	52	18	22	72	36	78	28	96	41	75	22	92	90	74	44	11	34	75	19	76	43	82	48	2	62	84	97	59	63	8	83	93	47	32	60	43	97	97	21	6	98	80	28	20	75	68	88	51	36	86	66	88	17	69	47	31	75	11	45	19	76	25	84	98	41	39	12	10	23	55	9	68	29	35	61	7	74	24	59	86	34	62	10	25	61
68	63	58	30	65	68	54	52	66	95	35	91	19	26	24	21	16	99	28	13	58	30	6	26	8	48	4	89	58	8	69	85	36	23	13	64	55	72	28	84	6	13	28	2	60	95	57	75	52	9	51	66	7	92	9	84	75	48	1	63	77	85	54	20	37	72	49	75	80	23	53	72	39	67	75	25	90	81	40	45	84	76	98	2	45	99	18	84	28	100	44	96	7	16	41	68	34	55	1	5
17	48	64	5	82	18	86	10	70	100	66	76	28	58	26	36	8	48	36	100	93	87	29	85	46	35	35	63	28	42	13	46	15	91	83	24	45	73	99	47	9	33	3	47	83	80	59	76	55	8	30	78	13	42	42	11	82	2	73	92	54	90	66	51	72	40	81	42	1	32	88	45	90	34	4	50	44	98	2	22	51	75	43	21	63	69	87	15	92	64	85	18	44	24	32	100	72	42	27	73
90	65	56	10	59	80	37	74	97	73	56	92	32	40	15	20	62	6	21	13	60	21	84	97	66	68	99	95	86	77	91	17	14	46	24	97	27	38	42	47	93	55	38	67	58	91	91	35	49	63	82	94	94	59	45	16	71	32	93	40	22	52	45	94	18	68	25	55	29	70	98	67	84	53	80	9	59	14	78	27	94	9	32	51	11	65	53	10	46	69	76	13	40	95	96	15	34	45	92	58
54	22	56	6	46	57	88	37	28	73	60	18	26	85	70	96	55	62	24	82	56	20	2	9	52	11	93	83	12	3	59	90	93	78	6	18	55	43	73	80	88	5	27	69	2	96	60	41	83	77	15	3	66	57	9	66	67	34	23	33	41	64	65	62	59	2	3	8	35	15	35	56	36	57	90	97	12	29	45	46	74	72	13	55	49	53	74	29	28	36	78	14	45	28	79	42	13	39	78	88
66	52	87	36	53	19	48	44	6	58	81	31	60	73	91	96	20	20	55	75	40	13	40	96	2	72	16	26	3	32	73	18	13	60	55	14	50	93	96	52	99	66	75	2	13	29	61	2	59	96	91	88	89	13	100	100	26	81	31	30	4	73	72	56	16	16	59	65	81	99	16	88	75	92	18	28	57	87	10	54	74	78	15	11	39	79	24	15	27	22	64	83	62	82	2	40	64	71	3	75
65	2	57	100	24	20	36	59	12	7	92	92	56	68	52	45	71	63	50	36	98	64	85	8	97	27	3	44	85	56	14	64	40	31	67	28	26	91	88	71	36	11	9	83	22	41	82	58	11	44	30	43	19	19	82	58	27	88	10	53	84	83	43	54	71	44	12	85	21	96	55	7	24	95	57	40	2	75	41	16	85	86	29	45	26	28	97	24	26	56	58	31	54	7	95	31	34	19	95	40
11	9	54	61	38	72	91	66	58	68	39	19	99	81	22	38	68	53	5	20	7	24	52	56	87	72	93	96	21	87	79	13	63	61	86	16	94	24	97	68	40	3	62	10	77	34	63	45	28	99	6	73	29	14	13	2	24	94	69	6	35	94	93	24	17	67	59	80	76	75	28	87	93	93	9	25	81	38	37	96	12	16	6	3	26	16	13	53	55	100	28	24	42	10	47	59	90	90	100	55
93	39	35	53	40	31	51	54	66	36	39	44	93	8	27	38	6	59	73	24	69	86	10	31	72	76	90	11	57	64	16	64	83	14	55	98	93	23	4	9	98	37	23	7	97	98	76	36	33	8	51	70	32	46	39	95	58	70	96	21	63	59	68	12	16	57	20	33	5	18	81	4	47	90	81	68	4	3	3	30	33	54	87	12	40	50	34	52	94	36	61	78	99	33	100	35	71	80	34	100
29	18	49	85	69	34	21	27	9	78	97	13	86	13	67	21	47	93	4	37	35	33	23	74	13	49	42	16	35	70	17	20	72	11	76	97	78	97	69	43	87	32	46	53	86	21	92	83	53	69	94	75	81	28	19	72	21	7	49	9	38	65	5	45	1	86	61	82	5	70	20	69	68	9	68	84	18	71	17	8	32	96	34	70	91	50	14	1	1	63	89	30	89	77	52	86	80	34	34	23
46	9	28	14	63	37	96	31	26	26	18	35	10	3	87	65	95	34	96	92	1	4	60	27	52	86	65	98	35	46	56	12	28	21	43	87	2	70	4	40	28	68	82	38	30	72	70	56	21	77	30	6	94	35	14	88	56	73	4	93	31	39	7	66	81	1	80	80	72	81	72	53	12	54	24	68	68	1	30	3	18	77	37	49	42	29	88	91	94	5	35	36	14	51	97	93	27	22	28	34
69	3	36	20	17	51	74	19	66	56	52	40	4	13	44	31	17	28	64	43	12	42	77	97	68	79	57	27	3	27	83	29	83	1	56	67	46	34	67	87	37	98	64	25	55	30	97	52	66	80	98	1	99	65	73	10	59	76	73	34	21	44	58	95	99	69	4	11	70	36	38	89	60	35	61	48	93	3	98	75	50	14	12	78	61	81	70	100	94	31	67	35	74	18	17	17	56	40	22	57
52	94	38	18	28	62	94	65	17	19	70	63	37	28	79	92	66	54	97	62	91	1	43	36	88	22	95	96	72	17	23	45	22	88	28	85	31	6	39	7	68	67	49	47	93	4	40	24	74	92	79	84	73	65	67	89	15	71	5	13	10	46	34	31	7	72	66	65	23	34	21	98	23	74	92	90	12	4	24	35	100	98	32	48	75	21	16	95	31	8	23	45	60	40	16	90	43	65	33	69
4	10	26	25	99	95	72	51	100	14	31	23	71	56	99	4	55	30	46	83	34	45	17	71	32	63	38	11	25	76	33	82	86	71	95	94	90	15	83	13	74	41	55	19	30	88	89	44	92	54	36	82	62	53	99	46	91	4	14	57	35	68	67	82	2	54	14	87	76	58	21	33	57	1	79	9	1	59	52	88	83	54	60	55	23	74	50	68	15	27	33	86	38	56	15	62	15	47	33	28
63	10	15	41	58	80	44	12	87	25	68	11	85	12	19	42	33	95	99	33	1	68	64	13	10	100	38	29	56	65	59	47	15	99	30	87	60	78	31	93	97	87	75	6	85	6	48	19	30	42	72	81	15	100	84	87	30	64	6	10	97	33	33	59	37	95	22	79	34	28	70	20	85	32	100	56	58	21	3	4	52	62	46	77	56	88	6	80	48	33	72	75	72	77	74	7	25	5	53	37
16	34	92	45	7	80	11	76	87	26	58	59	47	25	71	54	24	86	43	65	84	88	31	73	50	48	34	10	16	93	21	44	12	64	71	78	44	38	79	95	2	48	18	43	13	84	16	54	82	68	86	20	39	53	79	5	72	2	92	36	59	65	77	9	39	88	80	71	63	40	29	97	19	13	22	86	55	83	28	92	82	72	38	82	60	75	57	36	85	18	74	77	27	84	81	38	91	56	78	96
56	73	26	24	38	95	54	60	83	14	49	31	67	10	87	31	84	1	42	22	15	86	14	52	75	60	47	92	23	82	23	99	6	93	81	34	18	60	18	23	65	75	50	35	18	1	79	53	49	17	47	26	1	69	34	36	10	28	81	78	28	98	3	4	42	40	36	1	53	3	14	76	31	35	73	74	50	56	10	89	100	12	7	3	53	21	20	25	91	15	49	81	93	56	77	31	62	2	71	28
87	65	3	17	80	79	63	72	15	18	63	70	100	77	32	44	88	84	85	90	76	77	1	92	54	55	91	85	66	75	9	12	73	2	66	92	18	89	87	1	14	23	50	82	47	57	99	6	60	38	6	96	35	65	12	89	51	73	90	40	9	99	3	81	58	43	99	55	24	12	76	100	36	13	23	15	86	72	95	69	37	33	59	60	34	26	60	33	98	47	92	80	44	75	60	84	90	18	54	83
95	71	11	35	72	40	32	51	52	91	60	75	42	93	2	68	6	78	75	50	40	96	73	13	81	94	58	52	81	57	83	71	93	25	30	37	65	67	4	86	72	55	89	58	14	57	66	3	12	22	73	40	45	98	90	85	12	40	92	50	16	91	97	24	7	44	77	19	79	25	7	18	80	23	50	68	67	96	6	86	17	60	71	13	74	33	29	59	85	39	66	68	96	8	61	60	67	51	56	87
90	58	75	77	72	35	23	99	47	100	48	37	95	66	12	78	47	88	20	40	90	73	36	42	44	78	38	30	5	69	27	19	6	43	18	50	20	96	24	73	98	60	23	25	12	23	65	49	36	16	34	100	63	59	33	7	8	16	60	71	100	20	75	55	78	75	92	38	63	17	27	84	52	65	38	76	42	87	13	34	57	11	58	94	81	94	31	83	83	7	10	12	83	68	87	84	37	5	98	40
35	93	7	63	24	39	32	78	23	11	5	63	58	31	40	24	1	33	76	7	18	20	88	7	41	46	11	28	67	64	10	37	70	14	95	12	72	82	2	53	90	78	99	31	60	2	72	15	36	97	23	27	27	19	57	72	98	28	37	29	58	57	13	83	64	84	51	83	30	6	34	87	22	79	91	30	81	55	54	88	78	24	71	5	18	25	99	15	76	54	21	59	76	7	91	78	33	25	70	23
47	12	75	88	64	91	62	9	73	28	48	99	88	13	43	83	28	28	50	80	21	21	34	56	52	81	16	54	42	78	14	85	10	69	10	19	40	55	71	63	4	88	84	58	58	39	41	16	57	21	81	67	40	41	89	55	31	59	18	92	69	25	26	51	26	75	37	36	68	69	32	8	77	18	51	57	29	84	36	71	31	15	3	3	51	62	47	28	54	11	84	56	13	73	88	96	25	49	99	93
25	3	71	42	46	89	9	49	93	81	63	56	1	56	49	70	30	27	28	73	58	85	89	13	83	80	97	82	6	31	22	31	26	31	71	94	8	6	60	76	22	19	6	50	60	72	64	18	89	53	28	16	26	75	2	5	9	77	45	53	12	36	62	38	4	95	18	16	42	23	61	41	38	77	8	48	35	37	96	87	44	69	17	51	27	41	63	41	72	4	46	25	67	22	15	53	46	70	33	83
74	21	91	87	62	59	15	7	72	58	82	76	12	79	49	48	5	93	90	96	34	88	4	81	6	7	31	80	87	29	7	43	35	77	96	11	96	50	14	51	90	30	90	100	7	88	70	3	75	59	74	62	34	81	35	74	15	86	86	46	86	81	44	55	49	29	18	48	97	82	90	34	86	73	88	70	82	37	28	17	88	33	79	10	26	72	21	87	37	10	60	39	27	96	7	76	58	40	9	8
96	53	77	59	77	73	80	29	50	11	87	44	15	71	85	9	4	67	36	18	44	67	66	49	74	23	82	9	63	14	6	76	3	24	33	72	18	27	73	76	9	67	74	98	36	54	28	21	41	58	87	13	88	62	16	56	12	12	89	58	61	66	13	94	33	15	72	87	88	44	1	66	75	30	33	39	90	87	89	43	29	52	46	34	55	85	60	72	40	22	92	11	63	70	87	82	45	9	8	88
45	45	64	49	55	96	67	62	8	80	85	77	17	6	80	5	46	50	32	34	22	53	48	66	6	17	74	40	31	85	32	99	90	85	75	27	78	61	37	62	5	86	67	59	25	75	32	86	21	36	74	4	59	6	2	81	96	76	36	86	2	65	74	78	4	38	84	55	59	23	32	27	98	23	20	28	47	81	78	9	17	7	13	10	35	19	24	40	51	91	30	26	45	3	41	46	65	11	35	58
88	43	100	78	47	12	78	13	29	52	52	97	43	34	77	27	72	42	59	97	88	88	55	51	14	74	7	80	14	66	64	69	78	12	62	23	48	32	83	73	46	8	23	26	74	40	67	35	44	49	24	26	97	23	60	97	42	24	99	44	51	25	97	96	97	31	56	98	28	73	59	36	8	39	89	2	18	36	23	67	33	5	7	59	20	22	42	74	75	93	71	90	93	17	13	40	78	11	4	46
66	82	39	98	61	56	93	76	2	69	39	84	86	90	7	84	45	43	76	53	31	64	10	63	41	66	82	97	96	42	42	4	76	22	90	41	60	25	39	82	31	25	56	61	21	29	6	35	7	69	85	84	52	75	67	100	79	12	53	32	68	91	25	71	38	85	31	20	2	34	100	12	77	2	34	18	85	85	71	26	23	70	78	29	86	13	52	36	68	94	31	88	71	97	71	89	13	11	9	92
87	77	4	4	62	69	49	7	36	79	41	56	65	89	83	68	29	58	68	60	70	47	9	64	89	74	92	80	83	19	89	3	63	21	18	43	70	99	96	40	25	57	18	49	50	9	97	36	87	19	66	58	79	74	17	7	34	26	55	32	33	66	95	2	58	21	57	36	11	85	93	97	36	82	32	79	12	16	46	23	76	67	60	8	40	29	48	90	2	20	92	92	71	31	86	18	11	19	55	25
74	91	89	45	53	38	4	60	41	43	75	63	100	37	87	2	31	10	92	45	21	78	5	67	17	56	92	86	98	47	89	91	73	100	54	43	1	94	78	76	44	48	20	57	10	73	36	82	49	46	65	37	49	20	84	56	43	77	92	38	7	52	48	56	26	70	35	18	91	36	80	61	53	31	57	47	71	98	87	1	55	11	26	50	21	16	36	1	89	76	26	8	42	47	95	89	24	82	50	2
34	89	63	3	25	7	94	25	69	19	40	33	52	80	4	48	16	84	91	79	80	49	29	14	17	33	25	32	38	64	74	7	23	68	95	25	34	27	45	59	56	29	68	73	92	60	43	67	42	58	6	4	41	14	89	69	1	96	54	75	15	98	58	87	39	29	8	75	82	70	95	99	6	3	46	81	33	16	75	67	28	97	31	57	96	52	59	97	58	19	42	98	25	63	17	40	3	25	24	44
22	2	12	88	45	22	99	91	18	52	84	74	89	100	17	57	29	40	90	10	87	98	20	69	55	99	96	27	91	63	32	20	33	44	55	37	19	8	37	8	10	61	75	22	49	31	67	100	12	63	100	85	57	27	76	51	49	37	55	13	85	14	50	50	15	32	80	58	79	94	39	77	41	19	18	11	84	69	95	20	38	59	11	22	91	28	90	83	68	56	15	61	10	68	72	77	67	32	89	64
32	45	60	35	57	39	61	32	4	15	67	2	58	67	94	47	49	27	8	19	40	24	26	6	67	25	53	56	85	39	55	64	28	46	39	83	72	26	97	91	35	30	80	36	91	29	27	1	92	59	45	96	20	71	29	59	42	1	91	32	32	11	3	1	41	40	62	83	67	48	36	59	14	48	97	43	84	93	59	41	83	30	54	99	51	32	84	59	11	15	18	96	55	52	98	36	61	57	72	51
73	84	11	40	77	2	44	60	93	85	6	55	34	26	87	98	25	40	97	20	62	84	91	42	3	19	68	96	18	71	67	53	51	41	84	99	7	40	11	11	71	34	87	12	76	100	26	72	38	35	22	49	30	82	58	87	13	9	81	56	93	90	33	22	58	41	8	21	12	59	77	50	58	2	2	38	48	94	3	79	16	84	98	49	83	67	31	11	10	53	59	30	76	94	46	3	8	10	89	32
58	92	88	99	52	80	69	87	81	30	98	84	76	16	13	67	46	26	6	33	33	94	83	35	96	64	27	58	97	8	78	85	26	32	18	24	35	22	20	58	22	7	50	100	56	88	88	17	75	63	79	55	48	37	99	1	43	11	30	51	51	42	75	82	11	19	10	58	85	50	77	92	63	96	9	24	46	21	68	71	65	21	63	26	79	48	63	72	90	17	76	60	15	18	72	11	44	38	85	13
60	82	14	97	4	61	25	19	36	40	12	56	92	34	4	91	3	20	100	52	94	12	76	80	38	51	67	1	94	1	93	70	37	81	90	27	90	76	14	82	54	15	22	31	56	11	36	45	12	38	93	6	23	54	22	50	90	23	85	8	30	14	29	89	76	65	80	45	65	5	79	89	18	7	14	7	25	34	74	59	54	74	63	19	72	100	43	63	78	76	34	53	43	45	24	62	13	44	16	46
11	71	53	45	2	39	95	50	97	50	42	35	22	10	56	98	87	78	11	38	49	83	82	73	4	75	19	5	18	21	55	54	17	64	12	80	32	58	3	20	70	34	64	49	28	85	57	62	42	46	97	61	10	37	54	25	87	75	12	89	79	37	33	87	86	70	37	28	10	59	38	68	45	84	82	87	6	51	87	34	10	76	54	85	70	93	79	94	91	15	7	35	52	58	92	51	71	59	32	11
69	95	10	98	24	12	49	98	30	95	45	52	12	33	59	21	28	8	80	30	99	87	13	73	58	23	44	78	97	22	46	21	92	21	31	22	48	94	97	60	84	51	96	72	21	35	45	9	83	78	56	99	29	25	90	34	1	47	54	74	64	79	70	66	45	52	35	88	50	13	15	11	60	42	5	17	46	17	96	69	29	27	33	71	5	89	32	2	59	87	81	53	86	25	28	68	45	74	92	9
1	78	94	23	42	27	48	63	64	29	78	82	74	45	42	98	26	86	73	52	36	21	75	8	28	80	34	67	43	11	41	80	47	57	22	11	13	60	74	24	85	97	72	78	46	63	66	50	67	36	41	1	93	38	8	57	8	99	94	68	16	88	42	16	30	90	88	81	1	54	39	66	88	12	15	65	49	88	56	66	45	24	5	74	76	8	27	83	38	71	27	14	76	86	58	93	18	73	28	19
68	49	75	59	95	10	27	89	27	4	48	50	5	47	9	38	78	20	20	50	81	55	49	51	54	88	98	27	99	94	22	59	11	33	38	89	7	24	85	54	48	71	98	39	11	26	35	95	75	25	85	85	32	59	42	33	24	37	26	3	92	38	5	60	49	23	46	70	76	75	99	41	56	40	36	18	67	71	17	29	79	76	47	89	94	37	67	22	33	73	78	61	33	77	97	43	47	76	14	55
24	41	56	98	20	71	77	41	62	45	52	7	90	55	74	39	2	70	88	52	69	2	52	100	21	38	91	2	61	36	54	71	50	69	99	66	4	5	66	12	92	35	75	11	100	56	75	93	77	46	21	78	6	52	86	52	52	75	55	20	2	78	64	27	20	48	48	40	67	18	83	45	32	83	39	24	61	34	8	47	33	4	68	99	28	32	100	20	45	10	41	74	4	94	66	45	29	91	11	57
3	14	7	58	65	94	38	36	44	65	77	54	69	7	95	70	53	42	60	34	9	38	52	4	89	97	74	49	59	84	46	93	32	61	62	46	75	17	93	47	76	21	26	90	96	63	52	25	29	15	7	15	93	96	56	74	87	20	50	17	8	78	66	34	72	20	65	90	46	65	55	66	69	63	35	16	53	39	76	50	45	17	27	46	10	29	34	34	71	1	44	32	15	70	22	51	62	79	51	1
68	31	21	27	9	63	47	80	19	12	80	58	80	33	22	97	16	55	94	34	63	44	98	82	25	42	84	39	66	98	26	36	26	81	49	75	24	89	75	8	36	76	78	56	74	6	69	2	84	67	85	16	1	13	35	73	91	18	88	38	56	55	9	80	96	70	24	74	52	69	53	64	46	59	53	2	3	62	28	64	48	5	81	57	2	35	1	88	19	89	85	58	37	1	1	34	86	79	74	44
91	48	59	82	78	70	47	84	2	9	82	29	41	85	15	10	97	26	88	94	73	61	61	23	47	38	30	26	36	93	68	22	70	76	18	70	18	46	42	74	82	31	57	92	98	58	62	42	96	49	28	75	46	52	9	72	69	1	2	70	65	46	8	45	95	79	21	80	29	22	61	25	19	71	62	27	55	20	84	44	73	84	82	37	10	65	84	68	70	30	73	86	20	25	29	54	99	96	74	80
96	24	86	59	40	70	78	74	57	48	87	74	37	47	79	25	10	20	17	4	25	59	89	3	61	56	37	22	64	17	99	73	72	74	36	92	24	6	21	4	80	43	10	12	62	77	85	91	62	78	58	72	32	100	19	99	84	76	1	39	14	11	45	9	82	66	65	77	65	24	61	99	84	87	14	16	41	62	63	46	51	15	9	19	52	49	91	90	64	58	60	64	83	18	25	50	25	84	69	61
83	87	79	18	90	76	58	12	63	31	87	36	41	77	39	83	33	59	33	39	71	63	96	44	58	38	94	34	34	13	56	86	23	36	12	66	61	73	33	75	64	23	13	12	51	46	98	27	41	16	61	73	7	16	76	47	94	34	12	54	58	30	25	82	11	85	59	10	86	97	31	6	13	80	94	93	34	77	96	75	41	72	65	93	23	28	75	99	96	67	37	55	95	91	37	52	16	77	89	34
69	1	21	75	48	81	34	82	54	22	59	17	53	12	96	84	83	40	56	21	32	87	98	39	19	40	50	73	32	70	72	79	29	67	93	18	2	42	74	53	15	84	6	45	25	1	92	89	19	19	87	18	36	60	26	79	82	23	83	75	40	93	26	77	84	80	69	84	78	17	82	72	18	86	82	71	50	100	30	99	67	23	78	63	93	98	76	70	13	42	19	65	80	50	70	74	94	14	11	5
27	96	36	26	74	18	73	39	8	45	46	57	7	57	58	51	97	53	54	91	51	63	66	16	38	45	89	35	90	81	17	74	17	88	54	9	61	75	89	93	26	34	26	3	85	1	93	91	92	77	22	6	23	32	92	46	73	82	4	61	10	82	47	82	97	98	6	11	3	6	21	91	26	13	24	25	37	47	27	36	93	9	81	57	47	63	52	94	30	69	95	87	39	74	26	60	61	22	70	69
50	15	63	38	94	20	86	98	33	82	47	16	6	44	60	91	82	12	54	9	34	98	44	94	5	54	15	78	3	34	28	16	87	8	26	78	58	25	14	55	40	83	43	61	23	43	71	60	96	78	22	9	50	30	31	53	93	18	66	96	51	51	41	68	22	33	61	61	15	91	90	92	55	57	91	10	48	77	23	54	48	44	5	73	37	59	34	45	29	40	1	26	90	11	14	6	13	58	37	67
90	58	9	62	25	16	69	6	17	50	80	51	18	67	2	94	48	4	44	30	77	77	73	53	76	23	100	55	26	4	8	40	63	18	65	32	16	41	56	25	35	93	55	45	44	14	15	88	50	61	40	1	70	47	79	85	49	29	35	89	12	36	98	98	18	28	47	86	83	57	91	5	64	43	27	4	24	35	78	59	91	75	6	15	82	38	9	77	97	37	95	54	41	82	40	99	39	74	51	49
36	94	32	1	65	7	13	91	61	26	91	80	99	13	26	60	64	40	84	77	1	10	46	99	62	21	6	92	31	45	60	14	100	49	3	50	23	77	4	3	6	38	56	68	1	33	2	40	72	12	55	60	14	69	89	62	90	58	98	19	55	100	95	7	43	16	87	53	89	31	63	44	17	30	49	6	14	41	33	29	72	85	95	81	60	42	64	22	94	47	1	96	60	6	38	87	56	78	11	8
32	88	5	73	44	38	6	8	34	37	69	5	83	85	19	41	6	49	44	54	35	14	35	79	30	8	91	100	62	63	59	2	69	18	40	1	92	28	22	80	92	73	34	16	97	75	89	28	28	43	36	44	32	8	87	65	74	71	14	82	39	91	46	53	31	79	92	46	54	94	60	3	38	82	62	24	48	75	29	6	27	27	11	83	13	80	65	25	43	4	66	3	5	89	5	25	9	32	9	37
23	98	27	51	85	77	43	19	100	62	69	78	8	28	70	64	2	7	77	74	54	42	60	21	73	60	15	14	16	49	32	39	59	57	3	49	56	16	97	13	48	21	12	37	92	35	36	14	35	56	26	68	53	74	14	12	83	37	14	51	82	43	95	24	39	98	5	47	2	51	84	43	65	93	100	96	82	24	62	16	98	10	45	40	1	72	72	35	20	96	51	28	37	25	98	41	56	35	82	82
19	25	15	64	85	76	58	68	18	13	61	54	29	18	30	10	98	65	61	76	59	44	99	83	48	96	94	27	42	94	99	28	59	69	86	67	34	32	68	16	11	17	33	16	12	23	18	11	42	33	79	19	71	65	81	50	23	77	80	9	79	8	48	38	75	96	27	84	21	45	51	77	28	100	74	78	6	20	32	14	42	24	76	86	76	32	22	83	61	85	15	100	10	58	3	97	97	29	87	1
57	67	37	50	52	5	40	97	7	35	82	60	12	13	73	41	69	94	49	20	10	4	97	25	64	95	2	53	41	92	36	97	85	56	8	71	75	62	54	3	49	28	14	98	41	56	45	58	32	81	2	52	10	89	61	4	93	78	4	57	18	21	61	15	79	26	88	58	85	22	40	59	90	47	29	68	11	7	9	43	42	54	49	91	3	66	93	5	8	11	31	91	21	77	30	52	64	50	30	19
48	48	45	42	64	74	76	11	12	1	42	73	5	54	1	1	77	18	76	16	5	72	50	95	37	86	3	84	77	2	29	28	98	85	44	75	15	50	60	85	77	44	23	81	33	87	47	19	14	59	84	78	33	4	63	52	60	30	65	56	76	55	33	15	89	19	2	59	26	61	66	43	3	23	36	99	1	88	48	16	4	57	43	76	47	81	33	93	81	6	20	46	53	30	5	53	19	19	31	53
24	55	43	56	67	28	58	41	40	73	54	83	83	33	30	52	31	35	32	47	58	59	82	27	49	100	98	58	40	66	99	73	32	62	53	76	82	55	19	46	46	100	84	1	51	93	77	42	47	92	60	4	65	52	60	84	39	91	57	43	5	36	23	49	45	14	52	56	30	91	79	66	45	5	56	74	63	8	37	52	100	62	15	93	89	83	52	34	32	89	90	81	75	82	76	29	41	15	11	70
70	27	80	100	86	20	37	21	76	87	93	51	49	88	74	62	74	98	34	79	8	7	60	94	43	24	88	78	88	18	90	13	84	100	49	68	54	75	71	44	93	68	44	62	86	1	74	40	94	39	29	30	80	62	9	58	22	26	10	21	2	49	51	43	52	92	98	49	13	49	41	74	33	4	36	76	1	2	78	55	3	38	18	46	90	99	64	53	87	15	39	80	12	80	94	85	46	76	61	3
75	53	34	86	46	83	28	70	92	25	72	14	76	16	59	59	64	66	89	99	4	49	88	90	43	94	26	90	72	54	53	43	6	50	83	19	67	96	25	51	45	7	99	93	67	43	19	27	37	91	60	86	41	70	97	52	80	39	7	82	32	39	20	7	4	6	25	59	78	71	16	2	14	23	96	12	14	92	2	3	64	79	82	8	72	86	100	28	17	92	34	11	68	56	97	21	31	36	9	60
79	63	32	48	38	93	55	8	23	25	61	87	59	23	91	95	75	32	21	3	84	97	1	87	44	39	23	89	9	36	34	12	38	89	7	97	49	25	60	87	14	70	20	87	99	81	87	75	74	86	42	73	52	88	1	75	58	73	75	54	28	24	37	96	74	5	30	7	33	41	43	49	100	99	61	48	100	57	65	3	96	86	37	45	16	37	81	46	49	8	14	27	23	82	40	87	27	63	76	31
72	65	50	19	64	69	85	49	86	51	44	63	2	38	75	97	43	43	43	6	59	44	22	9	45	6	51	4	55	99	95	11	31	60	2	72	94	44	3	39	76	45	48	20	65	87	15	53	2	19	55	55	73	83	81	64	73	51	70	17	11	96	7	68	69	35	94	10	87	52	46	15	88	87	30	97	57	36	98	72	44	11	1	92	44	78	40	56	91	82	88	17	7	77	6	60	77	16	21	84
92	64	27	53	20	85	45	71	83	69	67	70	17	75	10	59	81	87	29	4	92	14	41	33	67	62	72	22	79	62	80	69	36	15	29	72	55	45	42	49	93	51	1	84	98	6	50	69	9	61	46	77	66	94	54	58	74	6	67	4	94	9	16	63	37	1	66	13	83	17	67	9	95	22	43	9	37	79	34	17	80	63	51	10	89	66	61	12	86	89	26	7	35	100	2	50	42	44	10	14
99	61	71	28	77	47	50	18	60	99	14	42	77	84	72	94	25	100	20	45	70	37	89	26	19	67	14	20	59	25	82	77	35	83	51	79	82	63	85	6	10	12	21	26	23	41	30	94	53	67	8	29	67	48	91	17	35	86	84	29	37	9	43	82	50	24	39	87	53	8	45	58	96	52	24	52	93	61	80	100	2	11	91	19	89	73	62	70	83	11	85	93	61	44	72	30	57	77	78	46
58	85	58	68	97	27	87	25	90	18	81	52	65	77	66	16	99	15	46	98	5	29	78	59	2	50	33	51	64	64	36	95	44	71	38	62	81	64	99	93	14	72	26	55	28	74	35	27	43	33	32	41	76	43	15	94	84	11	58	14	94	46	52	42	79	36	69	55	8	7	47	86	23	81	65	36	18	2	63	4	78	29	42	44	83	100	54	41	65	50	51	43	98	61	28	80	65	88	24	31
2	37	62	20	13	71	96	64	22	98	38	48	30	64	77	56	94	13	61	35	58	12	3	5	41	36	61	46	89	26	48	55	82	86	11	14	85	91	58	40	70	40	41	78	50	12	2	2	71	57	77	71	89	19	1	12	24	15	76	99	67	63	60	35	100	23	75	16	81	97	88	15	25	38	66	18	65	99	98	65	68	32	25	80	3	77	38	60	45	41	30	13	84	50	66	91	100	23	35	37
65	43	25	17	64	91	7	8	92	17	55	86	58	55	60	51	69	26	3	43	39	58	33	62	58	52	45	89	96	43	12	65	64	68	23	11	70	1	47	64	77	60	51	71	73	88	47	57	3	27	41	39	19	60	8	6	36	56	67	41	23	44	49	4	40	26	48	2	30	91	33	76	25	16	66	45	55	30	79	5	76	72	26	31	22	97	68	88	39	83	32	8	49	25	8	9	61	30	29	29
39	3	27	36	26	23	3	42	79	11	6	61	61	31	65	24	94	87	96	96	7	44	25	8	100	25	64	53	17	66	71	89	39	99	53	40	27	54	49	78	77	62	42	91	22	76	65	100	96	84	17	53	23	98	87	58	95	66	70	30	32	75	87	3	45	13	61	46	83	49	71	71	1	52	59	74	58	44	51	49	86	85	35	48	86	3	95	25	52	79	70	64	18	73	97	52	79	83	49	15
80	34	16	16	91	81	74	3	63	87	40	87	12	68	22	62	84	20	47	37	79	79	62	65	61	30	7	73	47	84	37	74	95	7	37	36	48	26	97	87	34	24	79	88	71	52	42	64	11	6	80	32	71	56	2	14	69	55	51	79	79	20	52	85	7	43	91	10	29	89	99	32	98	9	68	98	54	54	67	80	65	86	80	78	58	40	73	62	30	66	98	96	100	38	89	21	55	12	70	41
4	7	88	91	90	54	57	92	14	73	2	19	47	38	18	89	24	63	65	92	60	3	37	100	74	31	56	48	78	31	31	76	63	15	70	76	42	93	45	37	72	84	63	36	34	67	33	78	58	35	26	80	13	19	75	50	24	80	57	4	74	21	97	52	28	70	50	43	50	24	71	97	49	57	59	40	19	19	17	14	42	49	27	70	23	15	42	87	14	21	54	79	31	43	66	76	86	57	34	4
11	46	8	78	49	16	55	70	47	84	40	73	52	68	63	7	8	26	100	37	62	39	74	55	51	92	80	43	61	88	11	30	27	93	44	93	75	52	73	42	39	21	21	99	11	91	4	15	31	20	49	76	77	67	44	48	83	63	21	69	3	40	40	21	82	2	16	77	53	73	27	95	98	87	63	54	56	1	51	39	13	64	37	33	78	46	85	68	8	50	59	14	75	71	57	43	53	86	6	35
21	12	59	67	13	71	11	21	21	77	84	59	54	97	98	56	53	89	83	53	49	81	8	4	5	36	40	69	51	92	41	17	29	56	57	60	56	82	93	6	71	66	70	46	98	5	98	34	11	24	4	47	7	81	66	23	47	82	56	100	86	25	86	27	97	46	58	74	50	53	80	94	45	4	19	87	33	72	23	94	24	98	89	13	18	14	94	84	4	25	46	98	86	98	42	51	38	63	80	72
69	61	85	1	91	68	76	66	11	47	22	93	56	91	24	35	49	39	84	67	60	36	72	11	99	83	43	30	91	80	22	7	31	36	29	3	81	62	27	15	48	50	71	26	43	11	27	92	10	1	11	82	17	46	25	30	72	67	65	14	50	28	87	72	5	58	32	56	14	65	100	23	71	49	3	20	79	62	82	73	93	82	22	4	33	58	39	97	26	51	73	35	35	99	38	54	5	73	61	27
99	28	23	63	73	86	79	91	51	30	82	96	42	69	39	62	41	3	47	4	10	91	27	64	2	34	22	50	13	94	89	63	24	67	28	74	7	38	29	68	10	25	46	56	20	43	98	31	16	51	55	81	98	81	3	62	61	26	77	52	83	48	23	89	64	13	8	35	35	16	58	16	73	4	26	32	28	43	45	45	40	92	11	1	15	90	33	36	89	57	17	33	30	66	91	79	39	24	79	29
88	54	25	3	96	85	86	2	85	44	81	57	88	70	34	66	39	29	39	73	93	56	63	65	11	34	99	97	66	78	65	97	23	66	7	17	83	40	23	40	25	12	37	40	1	65	61	55	90	60	61	42	48	8	19	73	34	13	93	54	32	78	32	8	65	82	38	23	62	32	69	77	75	3	75	41	94	38	34	9	47	88	55	1	31	39	64	95	83	81	9	71	34	23	32	63	46	6	100	41
22	21	68	57	98	18	76	25	17	60	34	77	71	84	42	44	81	59	68	46	27	57	63	55	55	30	34	8	40	90	34	82	10	33	58	83	92	44	95	90	56	77	7	83	86	21	47	32	27	41	61	53	24	43	96	91	18	11	41	99	35	61	93	25	67	81	40	25	80	8	19	11	49	79	26	48	74	30	19	2	2	35	91	51	54	39	64	35	49	85	67	77	79	90	78	15	80	2	33	52
3	71	90	80	48	22	62	5	39	41	65	32	92	72	27	7	99	29	12	82	19	38	91	1	61	84	94	88	72	93	61	56	97	56	66	38	42	10	61	72	16	15	70	90	3	72	53	20	2	14	28	45	71	32	65	61	6	80	94	67	45	77	81	15	12	16	49	12	10	46	36	22	46	34	21	40	99	60	27	41	69	30	96	32	46	46	62	72	86	71	36	47	87	69	8	56	97	88	23	68
66	20	71	100	68	11	66	78	31	40	93	76	96	14	98	88	37	90	52	36	34	7	48	68	42	66	75	93	64	18	91	91	16	77	70	13	60	19	25	92	30	94	82	76	82	51	76	54	34	93	55	15	94	38	54	60	28	41	16	76	67	63	31	40	93	60	68	36	70	8	75	17	8	12	27	26	2	56	58	66	42	86	40	44	56	100	89	55	67	83	32	10	58	4	7	31	58	43	77	52
15	62	3	67	81	98	55	15	73	82	18	38	60	92	25	16	38	7	33	94	55	56	9	30	44	39	74	62	27	92	89	87	27	80	85	30	41	12	22	39	50	90	34	60	2	83	30	5	44	12	24	16	77	64	30	92	22	88	92	30	20	68	55	25	7	60	57	2	9	15	62	20	3	37	84	1	32	91	32	3	88	29	78	25	14	59	67	9	53	78	21	39	38	4	100	70	34	13	51	99
32	44	78	33	71	63	86	94	78	52	70	14	58	42	3	39	83	73	33	30	81	80	95	64	66	38	51	13	1	22	6	98	76	88	12	26	30	63	32	96	68	88	47	75	24	46	47	67	25	49	11	37	21	62	89	25	90	27	91	92	84	62	8	4	55	48	90	8	10	86	52	34	92	12	20	44	18	2	79	37	43	53	23	94	4	76	36	97	41	82	53	21	21	64	72	7	55	18	37	5
96	33	56	22	92	40	10	57	68	10	33	27	90	62	28	84	1	94	86	12	9	12	57	29	67	49	89	10	65	19	87	74	87	70	55	11	6	44	63	75	23	97	11	1	91	80	62	36	7	33	14	37	47	93	11	75	28	4	85	62	15	36	52	36	56	3	100	33	77	21	52	86	43	40	39	31	42	66	20	41	58	46	52	23	27	81	77	59	65	84	95	88	70	47	42	57	14	35	98	55
88	91	1	7	39	67	55	96	80	27	87	89	84	86	78	40	75	7	60	38	81	67	59	22	9	94	31	93	44	47	67	22	53	23	19	16	64	89	89	22	23	38	29	72	76	41	100	93	23	56	51	78	82	76	4	87	61	44	64	42	97	44	42	65	44	53	62	56	46	77	22	51	45	8	30	57	18	78	4	9	69	72	83	93	70	36	58	64	88	80	27	17	14	59	81	65	77	66	91	15
17	30	49	30	60	100	97	4	57	94	88	54	22	44	53	32	85	69	49	56	12	36	70	18	17	29	53	94	33	98	5	40	46	41	86	19	58	44	45	12	65	36	93	28	44	32	85	39	57	100	14	35	25	13	84	32	84	62	64	83	50	94	39	34	87	74	62	94	45	21	80	26	38	1	57	60	23	15	73	88	13	67	60	74	72	65	85	77	28	69	71	83	86	43	87	98	27	97	3	35
55	9	71	70	1	16	88	73	45	25	13	63	57	41	29	23	6	6	11	20	33	7	16	61	5	7	98	2	67	14	8	70	88	78	29	24	4	51	57	26	2	54	29	94	89	45	19	41	32	66	5	48	71	61	79	11	50	63	63	98	92	12	52	38	50	99	11	97	79	52	39	39	2	18	23	76	45	35	47	8	43	55	88	20	9	60	30	57	56	16	76	26	10	46	65	43	44	74	78	85
8	25	71	57	51	15	45	71	83	66	25	31	61	73	2	99	9	74	27	28	63	90	4	27	68	50	65	53	74	24	95	80	53	2	63	15	68	32	77	65	17	20	51	27	60	47	23	73	51	31	75	27	34	31	15	47	20	54	47	56	23	94	40	78	3	84	32	80	79	95	15	84	75	8	94	85	64	82	59	92	29	49	48	73	4	9	39	10	88	47	88	45	12	21	59	22	51	11	50	53
53	53	88	12	61	19	70	55	21	72	73	100	93	70	40	17	17	90	62	93	97	98	99	74	44	67	7	8	26	31	88	96	52	20	94	38	84	8	65	15	4	24	15	55	27	9	53	44	82	30	100	14	85	88	43	2	85	1	73	57	87	95	31	56	56	83	49	79	57	82	4	13	46	81	44	68	1	61	91	83	67	40	48	34	62	25	64	75	36	98	10	25	18	10	100	46	53	77	11	49
45	53	74	72	49	47	43	14	1	45	32	89	54	25	37	31	5	9	53	56	22	24	84	37	71	55	66	34	33	47	52	16	74	68	59	64	51	87	63	47	14	9	69	96	14	20	31	5	82	67	69	94	30	45	41	28	14	92	18	97	31	46	46	39	77	52	54	85	91	4	86	11	95	21	28	4	18	8	81	37	20	88	56	95	20	39	20	42	59	87	36	93	76	12	86	35	44	22	19	36
4	60	81	49	2	27	14	86	68	23	90	3	23	81	10	53	81	18	15	98	44	96	73	43	2	58	93	90	51	42	15	99	3	20	43	40	16	95	72	98	55	64	69	12	83	45	63	43	97	26	89	51	1	21	82	67	84	39	60	37	70	51	74	36	22	89	78	28	89	58	32	4	23	66	30	73	72	21	1	49	40	30	30	57	89	76	47	12	49	48	52	2	39	33	4	96	1	66	27	35
92	97	26	46	88	52	97	22	4	56	81	12	88	72	90	5	85	38	47	5	1	20	3	30	77	52	12	76	41	10	54	21	87	84	69	4	2	77	50	2	79	57	53	11	18	91	61	9	25	69	23	19	17	93	36	24	52	99	91	95	58	34	16	50	62	13	57	45	28	44	91	83	9	31	96	75	93	13	78	48	87	5	72	61	50	8	81	69	93	89	72	18	31	22	4	84	67	81	84	95
52	2	15	20	17	48	43	13	15	92	52	18	25	41	38	55	68	80	68	7	44	97	87	33	39	24	38	28	53	12	64	4	32	68	23	49	70	4	37	13	80	75	35	53	3	64	4	87	43	86	80	44	96	35	46	6	87	72	94	49	53	16	65	67	22	68	82	98	12	47	58	27	32	78	1	37	63	15	35	97	73	5	61	47	25	7	10	39	87	89	64	56	67	94	91	35	34	21	88	57
62	8	61	82	64	49	23	75	6	20	94	96	74	81	100	14	60	25	75	50	31	25	92	95	3	26	55	8	89	97	95	41	36	8	72	69	99	71	9	83	67	58	6	12	54	75	6	44	26	100	45	89	29	86	77	71	68	62	8	18	39	71	72	26	76	46	30	91	53	89	87	14	54	69	41	61	74	83	73	2	34	100	94	12	91	37	62	64	20	79	6	12	43	61	53	12	58	18	45	70
57	4	15	10	87	31	99	24	81	57	67	76	99	72	47	54	50	86	92	66	16	89	13	75	75	9	75	49	4	42	1	84	22	16	50	22	10	65	23	36	17	84	26	36	13	36	35	62	23	86	19	2	49	83	33	56	68	36	57	72	43	19	76	99	30	85	71	41	69	54	97	54	21	3	42	10	91	88	35	34	46	71	12	16	57	47	68	81	69	70	28	59	95	74	52	5	80	27	85	15
81	15	41	36	7	78	19	50	84	73	75	72	14	14	23	95	98	91	13	39	71	3	7	49	76	63	80	12	28	59	30	47	62	70	9	65	78	18	33	89	44	45	22	40	35	52	39	30	49	12	11	59	14	62	1	7	82	9	1	15	72	7	88	68	74	47	65	75	72	77	37	96	20	42	58	16	89	65	72	14	47	31	46	50	48	50	65	54	74	4	74	8	41	53	21	46	92	92	81	3
32	4	49	96	17	58	39	8	84	50	61	44	79	84	92	18	44	38	27	91	56	91	14	59	56	17	96	83	94	12	4	7	11	57	14	28	13	83	70	24	24	46	98	10	45	57	47	96	44	73	7	1	44	31	14	71	59	63	76	15	62	25	67	9	100	90	55	94	45	12	37	56	27	83	74	1	13	85	12	80	30	38	35	90	31	29	25	94	26	5	99	33	21	46	84	22	28	6	74	27
20	19	46	64	97	3	63	62	14	2	72	41	50	12	7	73	12	51	89	50	32	81	20	66	4	29	36	77	84	10	29	79	94	92	48	95	39	46	71	42	24	29	29	81	33	9	23	6	67	92	66	18	79	93	54	17	44	67	49	84	28	41	62	11	8	82	97	3	94	82	17	14	58	5	78	60	21	94	89	68	92	48	66	57	36	57	20	1	47	19	48	16	36	65	33	71	70	3	90	70
95	88	54	70	91	56	85	68	76	21	36	70	19	52	42	10	42	25	63	3	58	4	63	64	91	35	32	39	25	91	50	37	54	16	20	98	76	49	18	75	49	49	53	66	26	32	45	77	20	64	58	78	46	40	70	85	15	46	89	90	11	96	73	27	38	62	67	60	63	48	54	35	48	33	19	20	42	15	58	94	94	97	46	32	3	89	55	56	39	24	70	78	23	91	18	59	61	24	47	76
13	33	85	7	83	8	85	54	82	3	10	87	88	84	44	11	66	40	61	79	17	99	70	16	94	79	64	28	7	83	98	16	49	99	80	3	13	83	85	22	76	55	19	62	63	79	58	20	28	38	62	46	99	54	53	44	50	20	45	89	31	17	68	15	7	31	28	1	11	44	39	16	10	39	22	95	52	64	54	94	3	20	66	12	37	98	57	18	42	73	69	17	45	61	59	59	71	51	26	48
