250531	263222	236256	266651	242646	227834	247517	246880	245792	233414	221917	225740	246752	247319	235250	248066	246470	244818	232076	235690	252865	278140	237699	256709	252586	233720	260699	248176	256747	216572	237822	234840	212603	229300	251277	232080	237893	271325	227584	266639	279866	272344	246510	249687	217348	214503	239284	231025	296700	257694	246041	256126	251792	249863	268204	243393	235520	182187	259468	238298	247863	231623	240061	218427	240082	234939	236585	236162	272732	241528	234938	245309	246898	234274	219728	250536	244192	249816	250288	238427	250296	216588	257213	244806	237421	246910	233845	227725	228983	215307	207573	268879	238825	264161	259086	216305	230625	226286	230120	259673
268343	291852	245037	272988	259790	239756	255040	253069	259337	248241	248607	238170	260389	246783	257127	252389	249633	263175	241881	246163	260208	275774	244644	262630	256054	236866	261617	259817	257944	237438	243396	235011	232600	241331	257885	239298	253699	266526	238461	267201	273174	292692	259076	260187	241619	236296	252653	238120	304593	262408	250578	281642	239787	259168	286450	244453	264116	223236	263617	257252	252473	249576	246950	235878	249338	252895	237062	262524	282139	246456	218367	273732	255547	238881	234777	283086	239301	272025	266951	261530	273380	236721	283849	261026	245559	274078	245524	255761	253993	228196	233879	288104	244627	259934	276395	234177	250651	240787	254934	257542
246774	246726	225268	265667	243818	230026	251458	234988	229921	245408	233060	223201	247872	244178	226035	266648	232210	248006	227710	221890	244283	273808	226657	252582	253793	232522	238356	264075	248930	221532	245638	230866	224280	245442	248406	223811	204329	276099	237593	256152	272784	269835	247956	245866	224146	224241	237479	252805	276854	250373	228735	270789	236754	251234	265240	227314	245270	208440	246195	231595	248793	225646	253121	247224	238703	241396	235336	236369	273931	231199	236149	252174	248982	239074	212040	237536	240501	261086	241534	239869	255018	217143	244111	247701	240097	258405	251934	221984	246193	229621	221788	266159	238140	249931	247433	234323	238768	230835	239079	237197
275130	306348	272684	298639	277640	259876	280137	290065	272493	265364	279709	262814	287639	271955	278183	305836	287853	297360	285259	274016	297460	333269	251715	314179	292944	272037	286304	269355	290155	252557	286151	267041	280932	270963	299942	253314	269353	312255	269250	302780	321945	330960	291684	287624	265168	265077	281691	260605	326511	287946	266951	308554	275318	296583	310309	300634	276172	239387	308222	268807	295954	278954	293414	271828	296070	252009	273946	275848	289660	282162	238365	284682	295365	294737	252813	284536	285957	300836	289178	286036	322242	268108	317009	291611	283016	302733	294839	280457	279569	278773	241118	318048	274401	296819	312245	251035	263779	258419	270138	284723
272981	283847	246933	280802	279214	249404	273527	259921	253882	248263	265917	231639	261086	272509	270232	283553	259921	263192	242801	262956	267358	307319	236700	276763	269193	270968	269548	284557	291892	230947	262252	233642	244788	237641	250606	251700	233386	263895	263709	271962	291442	294933	266385	270446	245511	237280	268719	238570	307867	283639	257672	285181	264884	266875	286156	259073	259877	229221	278502	245111	269577	258631	268773	243301	247364	244345	260416	269396	287079	260290	242140	268898	270236	254969	245262	266699	255071	274303	281440	264347	282476	257100	282088	252500	259141	282277	263606	270578	256474	257770	231623	290880	269053	271959	293463	234289	266661	230800	261456	253643
246975	261614	251769	272225	244243	228157	254541	243064	237002	238034	255143	214329	256171	242968	244007	262267	244933	263458	236642	244649	260608	299209	232836	246119	256472	231956	257519	253196	264490	224372	232686	224063	226198	245148	248106	227196	228920	269023	247245	263674	270428	291304	248548	255031	229787	229760	257346	230899	281445	265614	214843	265890	232020	251937	295632	234224	230103	224832	268046	237870	240994	235993	257729	245517	231048	225489	232038	239062	265262	245798	218534	245201	253899	235431	226092	274831	237698	262949	258742	251024	267148	254570	275413	247382	230363	256989	244924	248248	259791	233578	209501	269610	236158	272484	253758	225004	231853	239851	234244	233335
273016	289694	243869	296278	253938	229374	263271	248910	247790	248156	247094	223504	261786	238785	253182	266293	257430	276196	239359	264156	260840	302820	235566	283937	258526	252379	264593	263260	254518	229606	259514	232032	230628	249846	280499	245455	261972	270235	243782	279471	289827	302033	277576	271105	237632	240000	250651	244857	304597	263937	256203	293591	242372	267091	281183	244324	255866	216807	270353	247795	266339	251749	269269	240865	257813	238975	250811	255497	275032	244003	249239	249279	259270	260535	237043	270883	265216	278007	265755	256178	270249	246475	292760	259122	259456	279567	258497	252777	258383	265009	216676	288746	246028	287258	276344	222289	246789	233612	245944	263850
290763	279712	280524	302103	293599	251301	280096	281586	287000	271730	285122	271058	287325	283798	284452	296117	290655	284268	269999	274812	278062	320684	266928	280051	286791	263422	292514	298317	282570	262738	270602	264252	266936	272262	278607	262419	256535	287102	284603	308458	317953	329258	286698	303207	255577	259716	275728	275718	327784	292463	260449	313536	269604	296419	313150	271884	277767	223482	293835	252366	286352	255266	278740	244489	269559	250668	258414	272813	308379	274690	245687	290573	277168	264887	264056	299431	269114	311481	277941	269727	294650	255753	285946	271507	276167	283599	291388	271332	272998	275085	234787	296239	275426	286816	315487	262035	264323	258930	271180	279792
248070	246861	228691	257753	234859	228655	252601	242076	237732	229654	240912	220329	245600	241449	236759	258961	230100	241744	241672	247434	238275	274943	234937	276337	232497	229110	241560	240984	251108	210615	234444	219199	232711	229138	250924	235781	231013	251089	233467	242633	261842	288764	242718	244121	206145	213216	231497	233119	276872	240247	220513	258534	231048	268838	271727	235526	232935	204543	249534	225823	231709	245642	235205	210279	250893	207492	223777	225312	262055	233703	210923	235831	249007	233850	218670	258189	239805	272360	240189	248272	260820	228626	266020	243930	227983	254720	249726	240708	239066	227543	209794	261981	231003	256230	257263	206221	227887	223072	227159	242861
261880	284159	252383	284864	274099	255613	253098	277186	247193	248464	265133	243669	272595	256825	260569	274656	266856	253364	238758	254828	270726	282456	269546	283532	260776	241111	246002	260755	273331	236573	253533	248118	237329	245537	260474	247843	240643	273536	261725	271827	285134	300780	270606	257153	230785	226381	250606	257591	302157	263135	245300	295074	257218	281637	292067	251518	252119	220637	267157	245018	243814	266644	250218	233961	255263	245133	228428	251548	269363	233868	220922	269703	255044	249293	245248	265724	248262	284920	266085	253765	284033	224369	270785	262916	259702	279545	262429	268401	262695	244299	228999	272243	253593	273235	278306	236154	241451	241954	243570	252862
263476	272581	228733	267235	258934	241938	242693	258117	240548	240696	261005	233020	260197	251947	249985	271346	232882	244808	237540	237491	245168	284089	232817	281980	248347	238440	257971	241747	258074	234619	231674	229833	243760	245685	243236	223737	211769	269690	236744	255290	291106	285961	253597	266413	215860	230557	242331	241868	292875	264389	237976	264666	249989	264150	291478	249326	237274	209154	261039	220668	264016	259140	237339	227844	246936	222603	231611	232716	251606	228564	220313	249266	244112	250538	218022	267349	242920	260282	257893	252445	280045	220509	270984	241355	237686	268859	234251	246874	251965	227457	227358	257815	236844	262134	268113	214953	227896	238754	235184	253711
249502	262195	240964	274776	260014	228667	271088	251542	229022	225996	250788	243742	272853	256396	239591	259806	266474	253556	255123	232196	270524	293118	235063	271267	257594	251918	254836	248286	252052	228413	246593	245251	242082	250062	276448	237449	246967	276393	251390	271016	305180	299401	277856	258732	224913	228817	245029	237911	298974	252410	246755	272139	239848	280180	281109	254765	251339	198818	271055	240907	260238	242362	254931	241376	260320	229721	226698	247875	273089	259373	221281	267899	244445	256774	239159	270166	254030	268245	229528	245697	283032	234479	263671	260124	251947	272388	268082	260296	261557	227961	214704	264184	238611	262178	281870	237133	233237	234236	236727	251856
257555	271690	241898	277450	245161	248889	258120	238368	243622	246093	244731	216985	264361	258658	248676	263281	262593	251982	247018	252876	251908	280690	239439	281004	241375	242114	260461	257530	259679	218378	251546	250802	221331	243047	242523	248305	232877	253351	244669	253398	272882	274970	257287	262728	234865	242857	244627	239819	281545	265075	246361	263869	255877	266380	280627	248644	250774	211932	268639	255230	257512	227422	257077	244415	247670	227328	223743	247783	290127	235448	203544	253622	253369	245133	214121	272394	245170	283884	251393	252008	279401	230192	258336	237667	243189	242648	245467	252911	249721	253138	218984	289965	229625	245241	281067	236074	241413	244711	240517	257751
259178	258846	235374	272015	239892	237508	254298	251863	238136	232171	234153	216904	253268	239028	253027	249461	239888	246609	241273	248792	262684	287825	229879	267866	262382	248308	248825	259217	253960	230216	235673	235243	220402	231970	245014	246551	222961	259560	245126	257528	281863	289067	260508	251655	220263	222900	234307	233794	288269	264294	229261	275625	242352	255441	282778	234881	246552	216883	255505	240328	247057	248915	245481	234814	231597	239539	232056	231211	254919	244326	217618	261932	240095	250190	230817	241163	239977	271407	238022	246589	272202	213433	256584	239130	238310	265355	253932	252448	247178	232803	237729	246471	241662	261299	276566	218682	246323	235361	235660	243228
239222	251313	251480	256161	244754	221653	243117	240111	254218	229860	249576	208673	250057	246781	232098	257945	233744	236980	229309	231725	247874	264329	222263	258576	233826	242164	226190	257956	249341	206037	232141	211216	210238	233677	231103	234663	208080	240920	230349	243356	262724	276695	228398	229933	225211	223653	235295	242625	276042	253590	216025	251058	221220	258744	254801	236518	218635	215185	260926	224429	239533	239064	226657	225060	239411	229548	238767	231238	273893	232850	218867	247854	243474	247444	223465	257364	240802	248467	259885	228955	246453	216257	254102	220252	207451	249693	245718	231532	235617	231674	199191	263652	238228	261903	245855	219351	234992	207680	210223	227932
247437	267724	265534	288411	268219	236399	244732	268752	271297	245884	264335	243514	281460	259580	251331	274014	258968	261825	257704	254123	258993	288605	247648	273713	254087	234509	262446	276728	265340	238947	249704	236592	242538	236539	264459	251191	235193	274803	243306	263741	277184	308944	275351	255723	250219	226331	253761	250014	305972	266051	242988	285728	256009	275648	281507	241254	250557	218255	264719	253613	248260	255912	253558	245518	260257	241251	234921	262381	286431	253405	234370	273001	268122	242745	237561	273154	273617	275963	266546	272350	266220	231725	266191	248434	245542	263807	262016	259700	249043	249756	217966	266579	253266	265423	282928	238580	249066	240632	252908	241098
265484	270658	251708	274619	267283	245493	259877	259093	265161	250838	269023	235948	272196	255734	262911	276465	278384	256519	253041	248029	258732	280839	257382	280047	245264	254288	268181	271493	283500	233988	241818	244237	231425	238179	260447	232758	236517	270829	241491	264872	279768	305483	268580	261734	233547	241918	252631	255030	300228	265793	242206	268988	241083	276524	291177	249212	238932	217648	270028	255872	261157	260005	280310	240717	242968	246331	244580	251477	291780	257146	222403	262498	258711	253474	234379	263654	248001	285593	249378	252511	282892	243578	275371	255427	249263	269295	263201	248866	254179	250324	235857	280330	251531	262742	270621	235659	254247	241076	247952	271101
257144	276588	242023	289472	251535	250445	263654	260763	236374	248649	260165	244450	262690	257352	264136	288308	251196	256303	250493	240500	256010	293817	240980	275580	260836	241964	256002	264343	262387	228924	233595	241609	230332	236827	261846	244895	232155	263331	245743	275608	283833	295483	264862	264519	233049	230982	255973	252535	310317	276103	255990	269313	243682	250586	282995	248203	256103	239440	279767	244835	253378	259891	241704	265747	252037	233254	235064	248355	288738	252578	232096	252656	262065	253157	250564	288207	253943	282049	261103	263354	273971	245424	263979	259505	248028	261642	256621	264030	257935	238522	226777	280027	253458	267323	279105	224668	253532	247347	239737	249097
258213	262956	239553	270062	259755	253343	256318	259430	259268	242462	248396	227580	274372	263074	256427	270261	246607	257356	245149	237849	255555	287307	252976	271974	266928	237171	251145	268301	264011	237383	256735	253882	226006	234140	237505	237998	222650	259973	253329	263636	274687	284795	248386	251131	243314	249493	241577	250423	277670	269040	229893	275254	249502	251296	291453	254984	249901	229366	267074	245337	240001	252255	257124	247105	234475	228797	233503	260127	275117	256741	218369	267682	248421	242791	223726	263458	239496	284164	257854	250132	273282	226436	260798	240375	239148	258852	265722	239431	252201	242128	236845	278913	238203	244435	270636	245013	249402	263549	255412	250521
277383	291217	264218	300486	271898	270263	277714	277063	275875	269066	274019	260161	293879	275517	285289	300013	266591	289315	251458	262793	278970	315511	255003	305080	279390	262757	277727	290605	292368	246786	267018	257971	245416	261192	289364	260277	252326	300208	252824	286650	298654	318388	290340	286424	251331	248761	274678	258953	308853	274979	265106	314150	272771	295081	313976	247913	267944	242043	287069	255141	273822	259024	273389	264863	269842	254787	271236	277603	300986	266606	240252	285043	276655	244382	260041	278093	282660	293957	276929	273813	308584	254635	293199	271201	282971	282714	273628	272945	274251	271360	245889	285617	264189	291204	307739	233962	256814	259663	267149	272235
239576	238119	222121	224393	233961	217609	228477	223007	227872	229481	225823	207982	253161	242223	225785	243757	226170	229862	218916	210059	238218	252897	213988	249627	228962	218430	225769	248087	242106	200205	235363	223621	211951	208467	231647	200201	199318	237796	229991	238337	256207	255762	243122	237678	205536	221862	220579	223675	270692	242519	215642	249404	225748	234908	245518	226154	218845	201125	240044	224019	247903	219061	237412	213099	209421	195384	212743	239940	244690	242028	205539	250825	235650	231729	207676	228207	225334	245194	220631	237349	247068	220661	230680	234818	237017	240484	254954	233777	215480	235968	208189	257843	235950	238901	247270	217085	223543	212823	216188	225757
298658	296856	281952	311355	282774	260469	301985	269336	275168	289780	294497	270371	293229	279437	293841	298730	276704	296780	277790	276632	301161	324523	260439	302681	296704	283057	276448	288466	300165	247784	274701	248997	266004	271360	292303	277369	260029	302089	275013	301496	315247	339760	300056	291291	256029	278561	281967	286402	333588	298244	269951	317978	275810	285035	311666	278026	293262	255703	310942	286120	293034	262436	290192	271377	267712	256687	269370	280465	312166	282589	255759	303929	288704	290006	265563	300434	290026	299904	286803	292132	313340	262949	297156	288184	286205	305490	283800	278122	276534	278771	251321	314128	282351	310554	315235	255082	264075	260610	269923	284063
282735	311639	267295	305522	280708	274775	284881	274883	265378	266887	273411	251556	286050	279320	276052	286791	287216	279015	264553	273585	286018	324859	257386	287377	278597	272063	278721	279754	292071	247549	277400	259151	254440	250586	287567	262429	258443	296438	268648	288426	304705	324565	278503	287174	245507	245066	269860	262608	321111	284757	259328	312486	282389	289987	309421	264914	265699	229212	299406	270987	282324	269853	288053	253085	273498	245089	259845	286034	290832	276880	239796	290576	295505	270551	239633	277896	271691	301971	275328	293276	300704	246828	293848	272991	270160	282536	289614	259667	262172	278002	239494	306130	270737	273933	311500	244866	267625	250562	267915	275539
271299	273152	263282	281092	264325	248454	257961	275990	275973	252341	253473	235603	269777	260525	257873	286997	261545	274437	256840	248180	272986	304815	251428	281918	277777	266054	265688	265178	266332	225505	267249	245169	253301	239091	271939	245893	233189	275168	260478	289885	293620	308909	273361	263003	243522	239275	257218	254666	299547	269064	257773	287798	274276	274214	300594	253005	262406	229038	274858	256591	263112	243301	271942	246813	260821	237450	253920	262698	280552	261392	231445	284527	272573	255990	241999	249686	262170	274259	263373	263050	286323	248267	298757	270524	263336	260208	274104	254243	254166	257369	236958	283227	257705	275962	284519	234449	250943	252254	257292	278255
222906	236443	229926	254127	250514	227679	248020	238989	236224	244283	241653	213385	250841	230048	242458	258933	239782	239770	229341	219883	235450	269284	220703	252899	238414	225683	236213	263035	258644	219024	249580	220550	218696	226789	234666	222119	196673	267004	243361	241319	263292	275931	251900	238264	219534	213883	232991	242128	278427	245202	217349	254469	239343	242866	267098	242584	225900	212431	253150	222924	239519	244070	232632	239273	229254	205858	232108	235657	253564	229563	209271	241848	234504	244658	197570	232666	245471	249408	239046	236376	267623	229104	247613	239127	243856	244388	239364	243427	239556	240414	208597	254485	224158	238330	259460	220311	221346	213592	233862	239119
265844	271561	251319	282039	250075	253933	260061	253967	243214	251693	244877	218051	261227	255417	250675	260117	232822	255729	222368	241596	256348	290646	243522	270273	262813	246712	238976	256155	264146	229745	249507	235669	221688	231622	256754	224719	216976	268375	233025	263543	280646	292058	245923	247517	235917	222422	257204	251108	297819	251924	232954	286178	233149	256853	278285	256714	239566	224075	265432	228812	260250	252336	251053	219946	244863	224761	247724	250678	271422	237075	227189	253137	249222	240514	233467	270306	234608	263950	260565	238647	264612	230990	274204	253492	250685	258327	251240	248187	238620	249345	227491	268379	243612	268551	272191	230208	243223	238611	242460	247989
227262	250705	224373	263489	234147	208512	229716	235302	238138	214682	239973	222104	244325	232674	225188	250355	237994	221088	229060	222597	240369	265866	209918	254462	229505	231214	239317	232226	251529	194823	213723	226457	221877	217681	239352	215591	222081	246578	208696	246530	268361	274005	240330	251585	208494	216759	226286	225732	271085	244679	235462	258144	234644	246081	245433	216268	235367	178543	245964	232206	246164	214256	229288	221504	229758	226025	218508	230104	256277	231632	217186	240901	227319	212829	224691	246846	241670	249040	236648	230624	236019	207828	247915	237194	225309	234197	230207	206943	235139	211928	193075	256674	236049	246152	268817	212504	223042	209310	206997	230233
292405	301329	264726	304010	266035	251569	277443	277364	260460	275051	253633	245943	281819	284937	279870	282155	278591	275762	262564	270834	287821	313896	267951	285198	302212	244496	261659	274796	287478	250050	258445	258731	246484	260312	285377	240592	262578	284217	277263	290226	311478	297997	258998	281099	247903	268298	275149	271832	316525	287412	259419	304062	288936	269639	298544	278546	264812	224483	296207	276271	271594	270088	268083	238080	275722	261676	262438	265905	278565	269727	256957	278757	280385	263356	248957	286268	269569	295423	293316	270545	282244	260057	297929	280340	269465	285643	277933	272618	271050	247541	241308	292260	276599	296341	295371	255318	274143	262000	258663	273725
265477	286821	259989	295703	263706	253537	257830	269653	261358	259385	258005	233388	258662	264107	269244	280209	249215	255786	259347	248774	281361	298543	240550	279187	284243	256123	254045	268237	270916	234407	246413	223179	244849	236397	260223	242627	239998	280340	244312	264030	279057	302855	259960	266369	228003	242388	255905	258504	310679	264277	247407	284262	247892	268692	297064	256039	258054	240287	269322	239604	265265	254323	248502	233696	250722	241608	259210	241410	281898	259350	233589	264153	274833	244216	241480	270004	270776	275596	283812	259009	288403	239118	271448	251994	253320	276221	279917	259214	245565	250879	231324	273336	258147	269634	273668	223952	257683	241346	253747	255058
254777	259581	224952	264150	249748	219289	242386	243841	235870	224981	236270	216164	236602	231238	250463	235210	238798	242061	224975	235330	248921	271994	225796	258274	244076	233242	243247	248329	247486	208575	233190	210440	224994	222417	249774	233536	214600	255906	233648	243605	274940	280204	256132	241527	220672	213934	231969	231576	291491	259468	228030	258579	223276	246029	266634	232977	229506	200511	258669	214193	249347	241511	224143	221764	225775	216884	239994	241027	273164	246384	219143	252592	246298	232893	222189	257615	237291	251976	248311	228893	241850	231151	263200	220914	241583	248802	243450	246424	228882	241827	212645	257113	243144	257891	247342	217135	229819	215431	220070	232739
272651	266838	244962	288922	263310	248714	252226	255381	253644	246183	263213	234953	283326	255676	262281	276696	262667	253260	246781	260998	260958	288153	249404	291406	255730	247162	263544	261850	277202	239564	254107	241392	245291	253396	254366	246557	235398	284428	254816	275986	276886	308231	262814	267810	237686	226237	267928	256591	304861	276898	239668	271138	253966	273399	289364	254114	256577	223970	274086	262143	259653	245071	258278	242317	276642	237568	243848	251939	277128	238024	236237	273360	261552	271845	242320	280671	252882	271903	269328	255993	285876	240107	285569	262008	249295	272592	250904	276569	270287	250722	220130	264963	254367	284113	278965	237845	227716	238757	244714	261288
278243	287582	276928	305344	272640	263568	291124	275023	263701	274294	256244	259098	265753	268160	295708	286734	267389	279023	252874	267624	287689	309907	253371	288706	281685	271980	275589	285530	291034	241625	253588	250740	262117	237274	275387	262427	258150	288770	279507	280882	304082	335464	285154	282528	252478	257492	271442	262784	323215	285182	253252	297588	266578	253822	299265	266848	264928	231503	285258	257263	271646	263382	287340	245722	261181	248605	252108	263462	296066	269344	225817	278871	281332	279162	235178	278767	259304	291386	282674	276405	313231	256474	300332	275808	277709	295019	286960	288182	276885	275962	234245	306946	256045	274299	301703	244231	261590	249870	279279	272012
259529	283992	258166	272258	257204	235637	258591	251900	258704	240108	262573	224137	273324	264453	264515	265183	261795	257797	249441	259570	269294	300124	241997	266825	242734	234524	253991	252418	262659	242297	250814	232879	232558	256961	255486	244611	247269	269570	251969	277312	268876	300201	271567	261824	239129	238667	265381	235450	294156	256743	252953	283459	249606	264650	286934	249488	247119	213192	270000	256109	246273	252193	277163	239478	252875	233290	239363	255619	274303	241165	215252	267600	254133	249880	237750	275077	252540	278214	248809	258802	288241	235462	272737	257108	249343	282699	266114	253435	258269	250383	218441	284417	249577	271499	281617	225070	240033	229833	246169	251715
279914	276492	261153	278557	271564	243002	272080	272091	276094	262245	270659	254699	257954	266634	271953	279052	265889	285603	261963	263906	272925	299146	256906	289115	283004	254024	275590	277236	272674	249915	250584	239340	259481	270203	276466	246429	234789	284340	277750	296055	298573	302944	267741	277921	242016	250360	262846	261119	304395	272204	249837	286986	250646	267679	291763	254782	246348	221098	272077	246303	262693	259233	263092	254247	246281	240885	252062	257870	294972	257431	238439	278894	275343	266374	256714	290884	251788	284333	281975	257899	277146	237078	285319	279188	269434	271202	263718	284038	272986	255667	245299	278536	269586	289387	277078	249422	264229	241416	254521	249754
243461	282330	248323	273046	247221	242989	258106	250499	253449	238193	251974	236247	254044	245624	248452	274947	254403	240441	244682	232392	255843	266144	256995	269651	250050	231508	245077	259507	259614	227937	235992	232565	230879	248278	271625	234852	233970	247630	233222	257886	266095	284503	249920	248032	225821	233458	253608	249189	277463	269279	235903	253464	226267	255993	266459	231719	248596	237396	263465	242988	232005	248435	251762	238950	234787	232407	225968	245810	273803	239115	224205	245852	259174	237255	245740	260168	245799	275388	253072	260529	282247	232281	268337	251541	229411	284328	253185	261105	262119	230757	220782	263715	232265	248248	251724	225589	241859	226377	253124	244910
263683	296061	267143	307211	267870	239006	260457	273067	265801	267324	254527	254320	259852	256037	265401	289331	272123	268121	266001	250538	284253	301570	237715	273573	264467	259910	267262	265040	264884	238718	247123	224435	248072	237913	275815	246620	236839	280873	242478	273051	309151	310090	281493	269639	248077	247233	255821	250491	310671	270856	252078	289997	249229	281317	284971	252667	256374	236540	278519	251405	272383	258349	266328	251702	260274	243178	249502	257950	290553	272532	228510	268752	280373	257104	239749	267384	267688	279248	274189	253415	295806	236782	292172	256881	275033	270755	265430	265193	256620	255290	234318	286916	252324	265337	284184	233609	264554	238896	262494	265404
245449	249033	244703	274361	250853	236272	259183	256630	249478	244124	250799	224676	263212	266062	250655	273316	238850	259869	238179	224072	257891	284154	233989	279921	251640	243851	240864	259645	268390	229477	252296	229591	225127	242302	237389	232313	228581	272016	244358	267989	259867	291354	254307	256722	219982	224805	251103	243172	280543	256524	235338	263313	235133	257121	279773	255543	241338	223028	251073	240096	248363	238062	251286	226115	247784	237119	238485	238436	266581	250367	219763	248568	241859	243386	227444	257466	241399	259698	257759	242019	291527	234074	256210	258531	238801	262506	245579	252069	246973	230268	221815	264110	241021	256487	268833	215081	231530	244660	235716	256452
244365	265791	245869	274283	251062	234150	258378	247262	257932	233832	243191	236388	249791	256326	243824	264623	245512	249121	234884	241251	251131	283451	241791	254742	257400	243733	260758	273070	266810	218034	255867	236893	225474	240722	242761	247789	231031	258415	252471	270124	268750	279266	262398	269343	223104	244768	238088	236649	303561	272019	242334	272774	243347	259892	267117	241921	253257	226512	261841	238980	241084	231056	266024	233461	230528	232536	235951	240742	283613	232526	222051	270159	256735	263983	235080	259157	242405	281871	255476	265122	266892	232416	254609	253160	243846	279831	267860	254069	248730	236708	209300	286330	241408	263938	281076	224156	259182	222762	251324	252234
255620	272760	265945	291965	270982	245797	278249	280272	251547	263253	278265	247210	277021	275967	264982	287764	264339	265412	248808	255426	278519	304183	257349	279450	276430	263099	286307	260528	276147	248000	261804	261668	251833	248890	270728	226901	237060	286312	248219	282603	305109	320222	261868	267373	238098	245734	267287	247966	305455	276290	247713	281971	265097	275766	297915	266100	259561	227499	271686	258208	267179	256682	258806	256074	260809	227628	251269	261536	276257	264924	237441	276240	275787	252921	243569	287863	244998	269058	275734	258645	283594	239170	293878	266719	252592	266379	271199	258744	265655	249180	238454	289656	252793	269915	293030	243511	255799	255899	257895	271092
240972	251882	246081	254231	233500	222257	249575	230071	245619	229693	241707	222024	238295	227898	237611	251295	250228	262273	236861	225630	267196	279058	233726	251518	256290	232381	242772	250445	250516	221084	234849	223081	227687	229758	253499	214809	209466	267029	242488	251673	282984	294412	254289	224897	231596	226034	253236	228723	273818	245238	212343	255398	242083	243740	282924	229016	245326	202459	254682	237028	224376	242590	257310	239467	233444	225002	226209	242518	261592	229001	208939	242889	250224	218307	209198	252710	247597	257851	243059	245131	271410	227634	265637	242150	246675	246607	250375	249056	242450	255133	213354	262011	222318	250980	252638	221468	229859	215741	237007	239720
266307	260271	262561	299620	264625	240018	265167	267391	274545	245874	254037	229351	269701	267814	248503	287237	250203	267308	243188	247838	269427	284589	243151	277140	257584	247911	279964	286311	272670	222654	250816	244323	228853	235774	261315	253594	221956	266039	245806	262203	290342	308796	277931	261922	243580	238375	244424	247690	304030	291461	243387	279348	264284	267000	279004	241442	254262	237159	272049	243184	262586	244869	249682	256362	262395	246931	249847	257455	289701	249018	237846	263250	270716	242835	227525	264088	260767	272812	270945	259683	272681	243163	279635	253224	246251	245625	272389	250416	266197	253264	236301	291295	267819	278453	268702	231329	257330	256436	257733	259935
254393	273368	236970	295067	259157	245600	269895	266302	256233	258237	253205	235395	254124	267581	256998	282810	247673	266798	248321	252015	253843	284542	257137	262974	276825	244975	278257	257343	266406	239765	242581	250019	246891	236388	255099	247196	229923	269049	262507	288458	289319	302273	266530	274156	234946	223109	249127	239986	303315	273896	253743	292180	261802	270543	283069	254152	257943	201912	269974	245520	260284	237326	261954	240115	266791	230177	247517	250105	278543	240770	236578	284662	265266	269742	228479	272500	247336	273260	247421	264416	267528	233265	273370	272447	262772	259316	259578	256817	244415	245117	231210	277905	264723	276501	285714	219764	245023	246420	263314	254455
272702	273373	247917	276335	266275	244042	271765	271536	264772	244641	257318	239639	271038	243225	257821	268986	263010	270133	244026	247803	265525	291427	244907	267198	278945	258971	270112	266432	270843	236896	254278	230378	244492	255098	264363	240396	240605	281834	253288	261266	287966	301140	263602	258307	238715	239599	255315	259137	303941	263961	256128	284256	242007	276351	280740	247478	248185	230863	273610	249265	264511	262331	265814	247679	243118	252314	255981	254904	279498	245135	235870	273391	256404	251569	253664	254316	239634	281726	264916	252229	271337	235326	275093	267163	234799	270031	256721	262543	253318	231379	237799	280475	263580	281809	274929	241715	253578	237073	248638	261130
266286	274213	260682	291187	252690	259561	260898	270092	269433	255750	247476	240039	258293	261923	261741	286685	259731	264077	252509	254767	256041	292196	251697	280531	276455	255679	263286	273478	276649	241964	251330	248776	246015	251143	259362	259072	249005	270516	259212	282716	282003	291392	263379	276111	230882	229204	250644	268858	300238	265030	253460	276375	239432	282753	296384	262555	258819	216691	274295	251683	267802	227871	257102	232010	246784	246461	240961	248779	281123	253639	229350	265546	278366	253491	245599	259853	246843	280707	282781	258117	293361	229300	286281	244173	254211	275676	262810	254402	258311	253494	229774	281712	247256	274482	292688	234543	233330	263355	245954	270331
247412	276637	237013	288594	247824	244362	264052	259907	262199	242563	252734	235050	277355	263605	247701	271822	268579	258797	242406	228712	258923	270369	244465	282027	265993	254007	249201	272278	264890	235716	255249	243003	232437	248744	265002	258853	237051	262311	248826	291520	275689	280399	264970	253504	234983	243166	257214	251602	298046	273746	261937	269135	235537	266463	268800	246275	260664	233314	260540	247729	243627	239997	245713	258533	251065	238746	235072	247488	291938	239379	219483	250691	252064	244139	233847	281177	244254	281678	258830	241166	273322	237341	265414	265671	254518	267163	259875	264760	259928	233511	224264	285745	237722	261658	271137	240194	236428	238810	257464	263241
250696	260673	236671	276794	266815	237259	250891	238444	246737	225692	259218	234752	270499	246611	249477	252839	250053	247717	238679	236960	269082	283396	222207	274516	250995	256536	247049	259570	265394	232078	237624	239449	231297	250891	247379	236908	227077	268441	246909	264525	286966	286933	241186	262104	233481	238371	242485	244231	293639	266651	236997	263290	233558	248189	284628	251280	246887	219431	259871	234335	250787	249481	244722	245915	244561	236504	251826	246338	273352	247465	219243	258235	254749	252020	230997	280739	249666	270584	256773	239545	271578	227244	260878	252922	234450	269570	261574	239204	241623	226014	220578	269476	250229	263967	274387	233371	247523	231511	223379	256046
264246	263000	251149	272310	267485	220292	262769	246047	247025	252230	252356	246320	265788	245007	254301	259027	256506	266717	247065	237566	260874	282911	249203	259554	259032	230748	259669	266267	262038	232475	258432	238259	227377	242636	255381	231837	220040	287664	246024	266828	293364	292183	282676	251718	223847	246389	254897	256154	309078	262605	228021	275462	238562	274450	293609	260615	268296	216529	276254	256575	250327	252473	263355	239223	249225	233080	250344	247804	274535	240455	235239	263116	256026	258342	229676	258148	255313	286908	251665	246953	274352	234182	252557	245293	260923	265400	248977	240237	260123	255002	229152	277992	251993	262499	273502	237929	238251	240907	250110	263157
268115	283181	271755	295558	279296	254961	281791	268705	283451	279498	278708	254470	281642	283356	276237	297979	269762	283641	265434	263651	283112	309699	259127	287755	276024	260178	273967	281482	291148	242555	273000	268147	261346	269569	268297	256761	258624	303454	268156	306620	315548	315465	272702	285376	252428	252022	277278	272429	308408	300530	249472	284620	266966	278936	314598	275238	278811	226478	298626	275362	276152	249631	269735	259660	273540	250689	270927	260249	308725	270586	260919	275192	289573	281089	242352	287420	278234	286698	281947	270486	293074	257056	293917	269438	277755	284545	272866	251130	267865	251498	241753	308714	274259	296659	292782	255200	249658	265165	267149	279872
257674	281831	258537	289589	276452	238747	263442	278458	264550	256565	270138	243842	280925	266885	260276	278802	273023	281414	263411	260731	268237	303170	240216	276415	254144	256961	270094	274406	277989	231728	250546	242619	255608	251421	261025	245807	242672	275549	251334	276972	297511	301073	281813	281369	242881	237795	257122	272093	309180	282437	247977	275980	250559	277531	300727	251924	254582	220249	278950	268555	265591	263141	256638	262843	244027	241346	248542	252205	300117	261805	238154	270718	268668	261929	247491	294791	253741	269033	273008	259148	267759	247604	279841	251036	253006	259323	262005	256305	269553	238051	227486	295019	262462	275143	285933	251048	266087	257236	240804	254182
285788	293992	267301	312633	289031	262374	277803	286046	281144	266539	283351	262142	278890	274919	258347	312145	264941	269782	264370	257450	284768	313133	267599	297624	268359	265584	285563	278027	292025	248361	278142	255231	259305	244566	267799	254532	240104	275004	255666	287079	302195	328813	281043	286552	240353	256980	288090	251291	316938	292356	265963	299695	278347	284701	309897	275962	275913	243123	285508	260679	273018	265512	275102	262964	284619	259881	251733	281695	304550	268981	248309	273784	284756	262821	248841	291357	267968	296834	284360	280723	296513	251250	276897	268565	267086	275469	263638	281271	279503	258968	243218	307023	271415	276695	296040	242057	261148	257888	258651	283041
298855	294071	273042	302609	288063	262583	275687	280593	269522	272935	271063	260039	304420	274430	279222	294344	269457	284466	267192	253518	305965	313357	254920	301789	278803	258915	276328	297029	297283	249609	270438	261600	256308	262434	275583	250153	241777	320788	261037	281786	317672	332662	310891	275338	252285	267292	276249	273189	336765	300361	247931	288506	280965	285697	314736	276563	267807	259663	293955	275653	283890	266118	273238	286114	274509	262766	269355	271767	284934	274317	249863	287036	279749	268276	253818	284280	270154	300630	290345	284654	300623	261399	291402	288853	275629	286523	282807	283333	282640	276719	247950	302000	284511	289653	282168	253408	262062	255380	264243	280882
266262	283369	243064	288720	258592	232771	263630	264829	263798	248249	270836	243575	283957	248488	261977	291808	248270	261481	248284	243934	257687	283882	255284	285253	255944	240423	261034	284080	278891	251282	257070	239740	249835	244246	266697	250756	236022	265741	243617	270001	278983	305359	287004	256401	245462	238366	267604	254050	302913	273028	235659	285596	232426	263822	292363	250073	261107	226364	277414	259539	257233	264349	263436	240017	253869	228050	255857	265586	275876	243908	244911	247608	257366	262480	245722	267686	267407	285920	255227	263346	293065	256809	282221	250975	253696	277374	253260	255531	266493	266317	236645	283753	244719	275489	282880	242487	236722	249523	252714	268153
237456	247190	237467	266395	250962	218672	230532	251248	245389	228392	247473	232528	248094	247197	245527	249093	242359	251472	230707	232236	240329	269035	231780	256132	228641	227949	248144	246660	250879	201166	242533	225877	219238	217290	240817	224394	229759	257132	226859	251115	266994	289858	261182	252553	226532	216040	225537	234841	293313	263892	234716	265051	234909	255257	262273	246339	242663	208679	276448	232939	240861	241429	235941	229966	246022	229721	217670	232701	256223	236785	215428	266163	245986	238309	218327	241408	231573	265451	247971	253325	250108	237719	261039	242985	225571	249321	239124	247559	241081	233393	200533	254932	248387	256834	261538	203284	225056	238361	214753	244911
254705	284728	253834	283892	255615	237372	241912	249996	243070	251822	255372	227648	248131	237341	257369	269043	262940	253764	252287	251261	259141	277432	249257	275248	243677	248834	252207	241876	261426	231541	237616	224122	228883	222120	261558	232573	237448	256762	241007	258853	274364	295499	256460	258035	233700	231261	248851	249018	290296	249476	238734	268346	242229	267157	281438	269100	247475	202925	264827	242113	257618	254573	257689	233978	251565	228736	233563	254128	266177	237379	219257	252680	258498	253777	230004	261277	247567	275096	255398	256465	268582	222828	278810	232142	258385	272579	265858	244149	246850	259556	214798	277151	250834	242003	262105	204178	251026	227710	233186	247670
249368	250173	248647	248587	237834	229665	256456	238900	241860	244752	252337	215239	251225	252767	244437	256430	251642	278380	223079	238822	238306	284846	244854	259950	244287	234894	257615	247406	255739	218673	243119	227326	217858	233993	252633	234513	232433	259240	238992	264717	273797	288494	251389	257463	221614	233210	245526	232191	294376	248160	237336	255809	240129	251769	272497	227586	214848	201074	266721	234374	229857	227862	256110	238803	226531	232048	226026	248783	273176	229020	218639	256548	265410	240948	221621	257623	223824	249597	245827	247826	256289	225873	262902	245393	240960	255815	245883	240006	235449	237831	214845	267330	239875	256566	253599	210009	229373	228278	229211	244613
236507	254183	224091	266207	246519	219361	239416	229027	220125	209331	231746	205129	239934	232667	233353	242892	225621	229402	207183	222725	233877	259201	238059	253089	247940	225483	220201	238239	243601	216594	239274	227013	207420	211328	225672	223335	219808	234888	230493	249412	261277	262167	230968	239635	221899	231655	234844	208934	269461	238793	228919	261573	231692	229104	258471	241258	239536	208231	240726	219696	216485	226340	231969	217278	233616	215519	216878	243851	248540	217227	202139	222353	226611	220234	218378	254000	213986	254817	248100	230647	245074	219320	239646	229822	225779	246265	237543	235330	238889	209720	191849	241101	224107	234125	242727	212657	228232	218409	223815	236021
258341	263739	238285	281785	266883	235337	250606	252262	247660	230340	249855	219087	269402	242355	247933	268868	251066	251246	237533	247299	239006	283041	233794	270654	234605	229453	249534	255661	259075	225657	247304	240303	234889	244117	242903	238912	229476	267841	230606	264293	262915	285914	252346	269526	233283	225178	250051	232978	281815	262738	244336	273897	238890	252916	275150	239772	233220	195108	257188	230258	241844	230727	247688	235295	245358	228851	250242	245979	267409	240323	221570	252657	229078	250755	219324	266945	250853	273912	245025	235950	258054	237945	262851	248920	240641	254932	240998	247261	244624	237411	204617	279769	233575	266027	267359	219996	221722	224298	246710	241984
271741	259615	261617	282517	253251	229182	260330	250201	263796	239892	254348	240831	278129	254509	261812	282085	263902	266241	248031	229238	277395	274181	236545	272563	255501	240459	260881	269726	265513	221993	235184	239235	239629	253753	253687	239788	220762	275599	246078	268845	297971	307285	269794	262440	245018	242813	269440	233894	302836	261435	241670	263675	252937	261799	290257	240048	241867	202895	266704	260112	247941	234494	251332	255595	254019	239744	246434	255329	276464	252072	228421	262298	262445	254336	237938	271084	263745	264235	243264	238433	264492	239863	271473	246314	246566	264404	255082	252564	259394	245883	234850	274488	259201	262798	277062	252652	233125	243487	240961	252352
238332	248688	224471	264260	240745	218924	244143	237849	237390	217721	241310	213925	270875	246156	237868	248617	227202	260850	206915	225288	225091	263417	242056	250687	248586	241712	227271	254502	255703	228357	235305	231289	225142	231581	248401	242042	218729	257040	242349	246337	258689	262078	245485	255296	218719	205879	234887	237608	280882	269098	223116	253863	223006	249286	267863	227674	221208	196124	256682	234050	226022	232718	222244	226733	225071	221231	235245	237063	259224	233915	216625	239776	242221	233644	219186	259607	233873	239645	227008	236093	247286	219582	254998	231078	218063	249962	245712	217894	225462	214282	210779	248555	234881	258329	255836	212761	226143	233612	211520	240013
246944	242283	238838	257504	231986	209378	249869	235274	230349	221373	238857	221402	229519	242859	232131	252744	207199	245075	221105	233835	240406	255848	209294	241427	240894	222718	246842	245749	239890	206990	221018	210573	206618	217380	213924	206340	210313	242405	225955	250455	260684	272047	234770	226961	218871	225519	231851	221727	268447	245896	220230	241395	221658	230613	245526	222461	219633	190121	256342	228405	226620	229198	234241	222209	234671	221878	216471	230214	258563	224669	217518	244496	245127	238050	205131	242710	228243	233806	245687	234025	240941	211729	246320	224552	217239	239946	231714	238507	221823	230593	194476	256858	243888	243848	244226	206547	234070	223389	225852	227332
273365	293864	283378	314016	275226	269194	281344	288911	284945	266938	277266	251129	300896	279126	279080	300051	285985	271285	261134	271333	285804	309283	283271	300711	283826	275846	276314	296248	287186	247042	275275	269978	259442	265287	272609	268848	247011	289363	275050	276178	303005	328554	280324	284380	261170	261301	277707	267161	323656	293181	250564	303275	259030	300173	305302	273376	272920	239726	296664	276092	268990	267809	273239	261343	270296	244951	250423	279723	304298	275071	242033	283324	279548	265585	267299	290733	266365	321390	289141	274960	298294	252097	288142	260135	258230	295446	284301	279019	275842	282387	240774	294177	266663	284241	312962	266325	257853	257209	255384	270420
270986	287487	263617	292067	258704	256493	289844	282362	283643	258673	265996	232619	280387	285765	268158	277728	271611	285724	256639	258617	295927	319241	252477	278725	285088	270448	266850	288973	276792	248704	260463	251858	251460	263997	281519	264205	271391	282343	274160	305032	306739	319848	277112	255017	250077	246609	274647	257833	311702	284704	245597	294045	254817	280231	292907	268474	261106	235409	296836	281710	272218	267719	276487	256320	269241	257902	265032	272788	299076	268729	248477	281206	288226	267431	268025	286474	251225	289224	277969	256271	291683	263026	299834	279030	263637	288910	284692	254043	271406	253275	259293	291948	291281	284365	301132	248084	260915	247525	261184	271377
275730	277366	243572	270218	271551	251937	276930	256683	245914	264204	251377	241045	269034	272200	263082	285562	254304	269086	248794	237218	253080	298469	255623	276054	283618	255363	256523	275726	272399	240721	244474	259250	226050	246392	262245	241741	233655	287879	262422	283063	300800	296820	260462	264670	230088	235205	266500	258364	314927	286623	247760	293175	251327	257845	294909	258489	254932	229727	278213	230624	266067	270045	249573	238820	243350	235254	248433	255682	280467	249730	225148	270937	266545	241902	217083	269725	255239	266254	264443	260887	291662	245191	287625	255049	261335	280259	272960	254789	265527	244859	234037	282445	243558	264022	269036	237258	250605	248453	251929	252481
268373	279413	275041	290793	267546	234967	260829	267047	266414	264828	276054	248411	268745	275750	270299	268946	258654	273383	257070	271093	281876	291681	256873	296750	261570	254384	267371	273949	280391	237955	254715	237226	245716	258055	269891	250840	246946	293423	262244	278787	298991	308923	283806	287700	245625	255168	254585	272830	309744	284520	251016	292337	276454	266384	297870	265393	256787	214732	277392	252778	255944	266401	273623	248219	258700	257915	254610	258983	313992	270072	251752	275323	255823	268907	242820	292790	269795	290122	263464	261611	275503	240081	276195	262767	256848	280508	275175	269819	260869	254023	219921	281496	263148	299993	274884	237395	266905	256335	256914	267875
267734	284143	257466	307718	278859	257240	269092	259311	266327	236185	247204	242533	265653	259739	244151	267561	252383	265534	243955	250848	272316	290343	256384	288127	247757	247248	254078	275734	278980	217124	248213	251632	244395	243601	264106	243678	232390	257689	245487	270589	280677	307396	269180	281781	241474	234302	254706	254211	303718	283223	239989	284559	254234	271659	304124	256428	257242	223479	254688	242482	248042	235346	266099	240324	246981	246107	254023	267844	297151	260565	238208	268204	274220	257197	242743	281238	247269	288995	265375	270458	270037	242206	257668	245925	242567	270781	264216	266130	244801	250243	215296	281251	254201	273168	282649	236053	248818	234660	254777	256327
252110	272841	244428	266357	256488	230839	255386	242626	257412	241203	237985	237883	239439	230606	250740	258719	251700	265165	251274	245310	252999	277884	236572	259103	255363	252142	247673	258876	252407	235762	237465	237222	251358	235693	265080	239774	238338	269086	258675	270997	284055	289958	256624	268097	235226	226881	236888	252909	289789	263397	231612	265334	249336	254445	297480	240228	250949	197662	253493	239206	251765	251717	260363	234213	217589	239873	246374	249993	276440	258582	213966	245298	271965	237441	212277	261162	248345	263705	247299	261327	277103	231932	281516	233896	244836	266214	273456	240498	243278	245968	210059	255451	238430	255007	272252	233622	249164	237933	244804	260237
254936	294291	268781	303783	255288	260242	278579	279330	272361	263449	275937	249412	282586	267383	261596	284971	272590	286563	257455	242213	276433	309458	250843	287416	280551	258835	268662	267273	282626	249261	258953	247212	246372	268667	292457	262746	257447	284410	262038	297653	283135	322149	284549	272821	243089	238410	267695	271894	313265	281249	249920	289807	254925	288420	300630	256493	259340	239495	285125	260866	268345	260863	256837	266723	269731	245683	254534	258668	295898	252929	242978	275469	266717	267895	258218	294314	275263	288809	270059	280317	297929	247810	289550	275777	271380	289325	266963	267708	276184	269899	236128	282202	257400	292544	303901	241474	254904	258578	267194	260919
268963	278851	258287	285573	261361	256302	266962	271724	273149	256461	265292	236422	269125	277069	284992	294636	259333	284626	265364	266204	279862	312336	248109	292287	276188	256879	278974	276802	284506	245208	265447	247555	257866	268851	268749	243303	244642	287401	269356	278453	291653	302923	270548	261532	254984	249047	270626	256480	315666	277300	248648	284039	253088	271000	303397	264885	255811	223148	292021	277877	267272	264944	264243	256931	268345	252286	262896	252626	300528	247236	242412	273057	284838	257141	253676	285064	259513	283839	292483	258112	295782	253943	295251	266984	264391	278202	276561	266801	272223	263382	237161	291555	272152	290994	285812	245844	247645	266405	248303	264534
284329	258509	259972	285278	277237	227752	265952	250796	277790	254232	250814	220757	257726	264033	250034	270427	245785	267057	249019	241574	267489	292039	252176	281511	260267	254686	241825	260348	267380	224598	260437	238193	246080	241060	262951	235347	228583	275185	256177	279855	285055	316823	259696	267582	245772	224491	247518	247499	297250	263939	243342	267170	248344	262725	279721	256788	261081	213639	267016	240158	258925	244040	257329	225401	254487	243435	257797	253745	276917	245233	229795	256512	263311	260748	230266	261309	254673	270119	265593	248812	281050	251081	282192	265237	254187	266933	271602	254997	241445	257493	215794	273380	277231	286773	277405	229097	239650	230650	247287	262489
241552	248587	220442	249259	235494	205397	234161	223333	225652	211104	229931	217449	234080	236586	227660	237693	216925	234074	228832	224353	238703	274620	220310	236552	237955	213755	235240	239611	238670	207734	218959	214772	220141	228016	232379	210100	217624	249579	228472	240858	266298	263749	238833	244866	203813	217016	225055	215470	273904	245796	222160	257144	225507	230006	255123	216961	232438	184470	247976	219977	230124	217493	231670	207735	226922	220616	221478	237147	259103	234214	206729	239419	237557	211710	208547	243614	229281	247323	243136	229768	250496	223232	231485	219103	219519	239343	235136	226072	216737	219198	184859	244220	232221	244428	252867	207139	223347	217455	209916	227074
279175	293895	261123	286052	273971	272644	283487	270337	275107	275135	270094	264283	288978	282092	266285	290500	277445	300827	270883	269374	277395	310810	261595	302717	270459	263338	280776	295787	288906	259261	274649	258463	251045	275698	292315	274952	260592	300259	269087	291736	308587	317568	274845	295902	256703	247281	273841	273858	320331	278716	259459	292411	266131	296654	309109	267998	258635	239655	296021	254222	273443	274452	270274	271952	269140	255987	262739	276091	294313	273162	249609	272770	291548	266976	249067	292697	271840	291641	279929	285748	303936	247770	290395	273973	268441	302462	283242	265745	274515	260305	251252	298415	265145	293677	287944	251485	273776	253178	260812	273497
295091	305935	282217	319074	278456	269260	277925	278979	285233	261568	277746	254022	294908	281362	280440	293452	268121	272847	269268	280828	283804	324056	260676	297807	281050	261909	285476	287662	298052	255528	280715	250272	265159	270089	283910	281353	268058	302862	261528	292245	298549	332250	288768	295303	253981	242185	278622	264539	330461	304773	260265	307468	271316	290961	303255	278035	276494	235377	300580	265779	278808	259597	281356	249977	284968	271443	272358	285983	300595	279454	243860	291003	284806	281219	254708	296962	279086	304708	282087	292423	298222	258343	301102	263777	268030	295782	290403	286685	262198	281679	231541	299501	277587	298246	312943	234148	262565	260769	262653	280483
250889	266794	240529	272780	238559	233637	255824	252088	247493	224802	255179	228864	263588	256572	248271	253762	259193	261079	234115	238895	254943	292782	248489	273350	252684	247082	255753	261172	257529	230073	242683	224430	233401	234976	261663	245123	232325	255351	250787	271015	278877	294330	250704	243485	240035	226238	243354	243213	296553	261552	254501	261429	254890	260825	270326	246730	232332	205539	258663	242189	249847	243330	248473	233608	257332	233113	241167	241035	258543	241108	216746	264675	251901	240811	230254	265346	243232	259164	245764	243807	267376	227721	271407	246566	232257	266286	240093	259747	257636	240483	237544	267606	243684	261487	280945	225742	236756	238359	236036	257768
257339	270548	256856	294041	262033	238530	256545	251611	259120	247266	244957	233823	257106	271802	255668	276879	269212	257583	245653	248832	259243	292197	228005	268490	269108	253054	265062	273948	269722	233472	231834	238102	227778	251981	270899	243563	235523	269375	256988	262943	286798	289569	255042	280318	235475	227940	251399	249090	306570	277187	243566	273440	235459	258820	282984	249035	234867	215838	275790	242341	255291	250641	255948	232125	253425	244008	245019	227308	282206	249032	221268	268332	266526	250169	241386	272656	255030	276852	262446	258605	285229	227093	271520	254907	247533	272507	266240	244301	266891	237608	228239	275996	255782	275531	275333	227431	260801	245461	231204	249394
265289	310696	260167	297175	264648	258872	284840	266154	278290	261458	264128	244873	296828	272148	269750	291372	271065	259803	261747	265206	275565	301983	257084	287407	264596	240935	247326	275531	290920	252629	266671	252020	251598	267259	275339	261511	256089	283170	265633	296592	295101	292017	281597	274951	252034	253860	264288	278170	309948	288103	258658	298946	263801	269742	288433	266327	270807	233864	286186	263406	267906	268579	274190	255725	269930	255647	278282	273519	292842	268567	240990	264333	268162	266841	243966	276382	267749	281181	258932	270459	300500	251376	288730	273247	271567	298551	271881	262266	270532	251394	235500	290766	262796	288838	297105	234492	272010	249102	262199	282690
248130	279289	242901	273374	250280	243539	250799	249884	245369	228563	241503	237331	249281	236728	240680	259661	251145	252010	235566	232343	251289	287844	242624	257449	239200	233616	233151	241649	255855	234567	240385	229440	247417	245232	261948	222328	231983	253909	243890	259649	272133	287712	251718	267084	226637	228288	257607	257115	286857	253483	247776	264022	237584	250539	280960	255799	235580	195351	257493	228931	262845	228047	253860	225530	246176	224312	226712	242463	270815	232372	218349	253660	254576	242063	225559	252153	247829	270167	244371	245510	279988	220084	265105	229697	247911	276188	244028	245511	238723	237343	208355	272175	232410	248091	271978	225013	222596	230297	231956	248695
242954	251649	246774	250784	240124	219013	240469	245374	234534	242324	230406	231502	237951	238293	240908	244188	226750	243295	225473	244166	251394	274977	220889	251614	245308	223417	239860	238747	229837	203849	222073	214029	233561	218680	237014	210571	213770	259609	243895	248321	280741	279497	249207	244491	214031	237398	230905	237278	284818	255120	205158	261224	240928	254699	268458	228804	228379	200011	249089	225053	240752	234983	236856	213575	222270	209169	228849	224612	265974	249260	218981	250873	247966	240480	215962	261006	236989	259311	243923	233971	237745	211525	259427	235216	242202	243920	252185	245348	223029	227051	198814	260179	243152	254455	244874	225138	226619	220213	231759	233180
277347	276584	250933	267826	264420	223485	270750	256561	252570	262660	264504	241471	267525	254470	263219	278381	255257	272247	255355	253663	270517	320064	243753	265092	261516	245574	274090	256030	260660	223228	258883	228413	246713	244648	276303	223841	238528	272927	253942	267316	296481	316839	267610	270569	229164	248719	267145	234007	300278	266628	237636	296596	248671	270109	300900	237251	254411	221131	276562	256142	261944	254274	280264	234564	249456	237188	248233	261193	289096	260366	242480	267055	262780	248478	233942	277488	266903	292152	265260	257296	282213	259115	269255	255415	262591	263726	258753	260249	256880	257501	225926	294630	254182	274323	282718	245435	247529	238596	246020	254828
267064	286188	245207	289006	257659	254870	256063	263984	259165	257151	252666	237205	279867	278877	252646	274857	252808	251004	240570	230816	275022	280020	252851	282945	260301	249411	259541	270482	269324	250093	268218	240528	248948	236748	257184	255740	231159	269099	247352	275415	282695	293416	252664	267740	253601	234829	257469	238046	295657	281272	245104	275641	252359	251898	286012	255458	260830	217306	271056	251145	255998	260283	258218	234718	259899	254440	256648	259301	281056	253958	233039	259064	270097	262469	231121	281360	261697	277162	255163	262232	292968	234917	268013	256195	245810	283174	267422	249102	255391	258922	243786	289797	255470	265218	281088	233858	249978	245556	252602	267855
258065	283043	254639	292412	257183	248362	267170	256858	258423	244512	260801	231740	266344	274507	263156	283551	266138	258127	246753	241062	264880	285280	241480	280902	273446	263034	266500	265701	274802	232330	259318	241729	253659	264693	262450	245559	240785	273693	255701	270904	290348	299101	255471	270293	225287	236131	257622	235813	310200	260390	251031	278791	251385	258860	277345	242792	251104	205116	279896	254341	267727	239218	255726	237618	265678	240759	240345	255931	283589	257838	222181	258561	271495	255040	242016	262843	245136	271557	270871	254794	290377	235195	282049	253549	244430	267148	265092	257628	254700	250757	214337	268575	244392	277198	295124	237843	241978	245212	236536	261612
266920	287846	259981	288672	282892	257027	282750	277942	269607	276735	273963	246537	281694	269139	259491	277250	253925	282816	249594	246593	283100	311249	269861	284351	289583	263765	278137	281359	279994	236385	266898	259953	247683	258241	264900	251536	251647	298428	275706	289185	321617	318265	275167	262858	252499	252024	277956	258668	327306	286751	249897	293739	261884	294203	316816	263138	274528	239035	285422	263192	267801	275765	274218	257059	260850	257616	258923	269288	309114	268247	251424	271415	288724	257326	242498	296068	258365	292943	291803	262507	284686	267169	299134	280166	269460	286555	271302	271983	259443	255010	232829	290809	262385	283865	289176	257240	256349	253734	263921	271845
246669	262232	230747	247940	229882	226914	236029	221999	238186	229610	233076	209037	237566	232101	243198	251571	248258	230119	228271	220388	246831	264443	218560	258651	235399	220727	235868	244898	236631	182098	224640	206035	216948	227236	228823	221184	216938	249808	226145	250803	265578	274558	232936	240337	219130	218690	230313	223010	286217	233851	224682	255287	231023	225373	256867	218519	235449	193768	253168	210455	243589	222139	228704	219098	223429	206288	222161	240542	256293	235660	202480	224993	235783	219995	207677	249670	237634	262116	237430	222522	243882	240137	259953	237585	233815	240336	237200	230851	225314	238390	192735	258600	231510	239551	255328	220413	208709	198350	228671	234395
255126	262702	223826	267672	254063	222528	251174	245634	264569	231303	245184	232514	258871	254052	252851	255338	233169	263880	222703	236294	253774	284196	240324	260351	262947	254444	268685	267156	242108	223741	260100	227455	247323	227581	251739	235028	236162	262402	245176	263410	285879	298208	261100	264571	241669	240466	236693	224425	302470	273465	247701	271162	240869	250698	273249	243990	254215	214769	264745	227488	247642	243625	238062	239225	250053	226424	243418	258579	266352	250654	228240	271176	268208	234381	217895	262756	237002	266760	253129	262848	262955	236728	262876	240154	233626	270013	263692	245227	233241	237305	226991	270572	254894	256300	266182	224330	238981	248407	235689	268278
247892	277018	251116	267485	257030	225891	253765	239919	247411	249290	259783	230071	260127	255182	244310	252441	245855	273377	248440	231194	261156	286105	243024	267388	254766	237702	229344	263312	250002	225501	256279	219549	236021	253739	245086	238686	234640	277633	254179	256649	277192	288433	265168	249715	223373	235192	252241	238232	284017	242559	232416	266881	242816	263541	284525	242219	251933	227139	266091	246532	220615	254211	247718	240961	239712	217353	235581	252173	278459	247434	209465	254004	253050	237033	235820	274821	240049	264797	255951	248372	266647	236181	256748	248890	239296	266365	253009	254872	249420	239223	212047	276861	231268	252941	263983	236903	239452	226350	232721	247703
294731	287997	266867	295784	283366	244710	296971	270862	272525	264222	271291	261362	280956	260926	279172	298101	266940	290899	268596	284137	276065	314455	254449	290697	284730	277559	284978	284434	282926	259629	263312	251561	255967	272530	288000	266250	252840	303243	274216	295717	316310	310976	292616	287654	242771	264646	270925	268872	318770	299627	259356	300739	278440	296307	316736	266378	267174	232815	292102	270993	283406	273698	281531	260352	257844	257005	277507	267094	313129	265805	258550	283038	275921	281749	257496	288154	269610	295159	276612	274572	295336	248904	304423	259907	270909	284612	277907	273044	267877	259264	228453	289768	276845	295765	291061	240218	268985	256908	269862	278050
270933	298301	251595	296891	261268	261430	287002	269530	263368	267550	264318	243019	299103	259914	263996	299679	259513	259719	263910	266134	267313	301745	245189	292187	274834	245482	266031	278202	289371	240691	259288	254993	248414	250934	274737	252317	249859	272402	258799	284894	296506	313410	276988	271325	251266	249323	275929	274736	321530	292638	247374	295327	235263	280270	286762	268434	267549	240088	288650	261929	280679	252735	262279	268007	277915	253724	266177	270163	289655	255388	248788	265748	274179	274416	242956	277928	258823	292518	270231	264365	289214	263064	290633	268327	268587	287187	281172	258760	266887	267558	235752	296879	272457	271975	296057	246991	253999	251394	263308	268332
216880	233876	235216	249787	218904	203125	242917	221786	232282	219061	223210	197010	218790	230468	221656	230204	214988	233541	211455	209109	223021	240652	218484	241343	237637	220292	221649	233799	230108	209431	208195	200374	202342	218788	236946	210222	208168	234893	216130	250562	250742	252033	230316	226922	212502	204809	219410	210229	259707	224080	206383	231099	214793	239900	253976	208869	224370	198199	229968	208330	224950	217308	218756	192877	216829	200640	228023	204009	250532	208070	193118	205513	221355	214152	201045	237692	219635	234309	222442	226675	237738	217060	245987	217134	219741	223921	221957	221081	209361	217481	189524	228796	215747	234034	235670	186389	229458	213443	221685	224306
251926	256177	243389	294235	250206	234725	259858	252416	234615	226564	241120	221635	260028	248648	236236	254688	248068	239111	229864	225992	251864	284003	236643	263917	256288	246639	252274	251141	255949	223871	232299	229847	226899	231451	258542	236372	232023	270031	231990	253555	273877	298744	250987	259479	208842	223042	230209	220743	278563	256185	225195	267176	244612	261405	271415	238677	240059	225666	258868	224972	250147	237635	245614	222301	243624	218863	228937	240616	255360	251245	217256	255091	248909	233487	234702	256633	247093	276133	245448	266380	273508	227914	262875	253879	233323	253185	238626	260181	255523	220925	221890	254357	229396	261352	269846	210803	233429	224276	236219	243235
280124	281478	258391	294318	263499	255470	258871	272295	262251	268268	242625	249657	279126	258601	261998	286532	281727	274389	251255	249189	276056	305115	238705	271701	274209	246802	276790	260508	269050	248230	250359	252005	260397	250433	285901	247468	247959	304625	251979	279563	310078	313705	281753	279929	248715	238956	283275	243328	322612	277797	253973	281455	246370	284004	305060	254837	258624	228284	281090	252362	277509	265363	262189	262252	264601	250544	251452	252289	285217	255035	250239	260232	294979	261132	246374	284659	282674	284306	277160	262236	287922	255353	300383	280636	273894	284103	267045	267871	266336	244666	238771	283454	261890	286611	274160	235583	242590	238524	264724	269370
244100	242622	238799	265190	242865	228155	255662	241051	240592	237256	244416	212661	253777	247964	237994	248239	241361	252090	222643	223937	236256	266782	240760	257197	260859	235687	251359	239880	254844	213911	230309	226247	216352	219946	234937	233278	217154	244840	249891	256525	268011	284571	236017	254819	215753	213905	242783	232760	278624	252872	232760	248895	232357	245226	265208	238717	232088	190605	258279	230675	231985	223200	240269	218539	223974	224322	217602	232884	257004	232499	219134	252870	235897	242193	223695	267600	227512	242992	242726	238997	246315	211888	260638	237106	231725	245382	246647	227257	228925	230944	214357	262938	234878	256632	261053	219189	226804	229534	221976	231328
252127	260182	224363	273618	244967	231798	255126	257224	255239	227999	235127	221602	243289	241940	243316	282805	246132	245552	243631	242500	256673	289727	244819	267512	264584	246420	254526	250708	262750	235365	244800	242796	238332	227375	250106	222903	223625	262892	225077	270606	272368	284461	255670	238677	228740	236134	235159	235582	285646	255751	239303	279199	239025	265434	274562	243823	248727	204867	250884	249333	255645	240015	251960	233360	258520	227970	242822	249125	267574	233250	230064	254921	258504	227848	227652	244013	234942	260736	261176	251749	268693	215773	266277	254048	240402	243488	250344	235674	259552	229948	231564	272320	243878	260058	264907	226574	236928	235299	232512	265054
250065	272958	266893	284915	267570	229015	266485	263608	263000	256150	263901	237885	271975	256656	258448	284139	252813	283579	260471	253105	279614	286126	244089	286081	268694	240919	245771	268687	272443	214785	266408	242181	250404	256327	266880	243516	238037	276479	267907	283112	291291	300168	266912	262619	240356	247587	263243	254146	307568	268746	237800	288947	251774	262217	277611	265384	244828	211606	278028	241422	252644	247258	254171	249282	265557	224884	245334	256850	282823	267625	223135	253580	268182	277224	232060	260284	255494	270611	257043	250979	269120	257115	266752	266684	251850	273837	267918	269736	247411	252685	203126	280953	252317	275239	272765	234529	246286	236669	244054	250008
251071	255737	233059	266940	237622	227820	236692	246520	250127	240734	222530	234220	260158	242730	238931	258935	254525	255685	235015	216656	245731	268576	231701	246978	248542	226323	252554	241143	245732	216540	238976	217716	217636	223237	231781	236763	218126	250771	232794	253401	271425	282433	254759	253315	232117	219910	229995	222580	272105	236097	224769	266049	243031	262560	263634	240179	237761	191375	263252	215061	245187	230389	233658	231340	249626	221254	231041	245946	257303	233783	213767	245111	236407	236919	218030	240927	248756	265955	224683	232331	244703	220873	248904	228990	252805	246550	241303	240540	226557	246590	204152	262420	240450	245411	275347	210875	232175	220049	238488	241124
268588	279669	266930	298459	292186	261551	274176	291725	271933	262912	273809	264127	277174	283536	280220	295859	265200	274088	257034	259397	285238	314760	250615	293586	264623	266089	260682	283109	285598	252665	250640	266873	261619	255325	273578	252782	248255	295909	267170	293952	314086	314415	279677	282218	260740	257499	279110	259534	316401	302175	255639	293810	271911	273650	324019	263719	256219	218024	275029	249247	265310	271300	273298	252975	254968	261799	264261	252724	304165	257397	236100	271928	278968	259792	236715	293888	274802	286479	291360	273101	299736	245929	284343	254813	262248	286480	270374	273575	272813	250360	238375	291849	264451	274977	290039	243542	263518	250262	255940	263946
254729	279118	248397	260189	258206	232159	239413	256549	245278	252898	253493	236903	258386	242173	241532	259602	243308	262220	250606	238048	270277	290959	237520	270175	245262	237112	243577	251653	251230	225183	251517	217585	238530	218140	271303	241602	241483	263998	239590	249460	276456	302041	255440	261089	239656	231696	247426	238699	293778	260962	234663	276450	252278	253902	281358	249883	253612	230967	272165	236705	249413	257414	254102	233873	242957	233606	240426	256840	261876	256055	214806	255787	261092	248212	224076	263487	264618	271732	262072	255276	273075	238151	263569	241270	254615	270891	253519	249715	248331	248183	221981	275126	259074	251610	270864	216892	249884	227434	230749	237603
242356	240468	243225	262612	245557	220395	230329	235281	245114	221873	246297	211522	241694	238536	236831	249036	235528	247170	235570	234078	246210	276771	221165	257819	237929	238635	230391	246158	253664	215273	240940	226369	223999	233612	259921	229852	218307	261699	224749	256697	272543	278690	238725	247956	221144	207150	229194	233555	263548	244065	226849	258198	243126	249888	280212	233922	241053	202018	263330	230752	241935	219926	236214	225934	247660	227198	240896	234918	271091	236440	207592	250095	250995	225272	214646	238234	243437	251717	248199	239133	272711	227643	265901	229057	238355	242750	248036	215671	237602	232059	208263	250543	233118	261036	267359	205289	223985	238785	219166	244161
241215	255867	228153	253566	229816	228166	265412	237377	227784	219840	236736	203799	254999	237925	232895	254142	231495	237227	243523	226789	243214	283198	212584	264118	245444	228506	248133	244766	257815	213227	222413	204423	203295	227520	234101	220361	231891	245902	233949	268513	254758	267859	244151	244493	216194	230009	234182	248166	279401	234333	231733	256883	237235	249772	268075	250468	231031	212896	246427	236437	253020	221937	244672	225934	244638	214346	240973	231924	250138	214204	225427	248792	228868	231920	222268	258554	226207	261150	242343	241191	259584	221598	246175	226234	246824	249108	234603	229418	249247	221728	211709	258978	244875	246509	259762	210729	233112	232645	233935	234122
266452	259409	239175	276049	249479	225016	248959	253996	246452	252125	245610	225781	248047	258715	255514	256820	239409	263471	226438	223697	247827	282403	247039	267723	267671	245038	247486	239004	263617	224022	244832	211629	223280	222839	249878	225711	228811	270344	223441	264938	281381	291883	253882	251867	235943	222457	249403	226235	293634	248247	225784	275787	236441	257644	265940	244493	245839	208590	266971	236861	237379	255419	244848	222316	224449	232742	234113	246851	262439	246330	226541	244356	255289	238183	234915	262961	248010	261992	244586	253683	248254	233016	271637	253592	235974	253081	245476	242474	223838	233696	216894	258963	247773	267883	258840	204025	244741	230254	233710	236967
262731	297740	261039	289016	274419	256902	265312	263785	259765	252116	275081	241844	280267	276875	267994	274859	256949	271994	237365	252190	269312	306853	266946	280164	265067	264386	265517	272961	272823	239253	261950	247115	246043	249006	268174	243959	243273	269925	255412	279841	287675	309273	264213	291052	249686	241397	273156	249641	314907	284578	258524	285694	264756	271197	302388	255162	251084	218201	284270	247838	264417	249495	271007	239842	252495	247688	245071	268073	293097	258482	235379	278779	274030	249338	244028	288284	259410	285481	257349	275878	292831	242892	270113	252586	255305	288142	276416	266556	245086	258161	218664	287473	258095	270449	290022	233535	246303	244864	251028	259782
254663	269274	243789	280339	251286	241243	253850	248378	250704	241722	235752	221107	247401	249597	234431	264582	248367	242450	236614	233624	268822	260086	235054	256375	244817	240726	243685	261335	255202	218505	251174	230048	239463	247684	256654	237409	235389	275941	234871	268926	272042	289784	249763	259237	221442	220871	247226	238844	291170	256871	228796	261278	238705	246828	260303	241461	245543	210738	264979	242360	249016	228270	237979	238056	248185	216699	238202	246925	278666	233991	217237	241686	268676	252556	239025	256238	246891	269966	246612	248217	267452	220084	263200	246172	239886	257748	251425	239569	245361	238778	217966	268712	253595	259898	265198	234960	239579	212216	238452	242427
